-.375 -.375
-.375 .375
-.375 1.125
-.375 1.875
-.375 2.625
-.375 3.375
-.375 4.125
-.375 4.875
-.375 5.625
-.375 6.375
-.375 7.125
-.375 7.875
-.375 8.625
-.375 9.375
-.375 10.125
-.375 10.875
-.375 11.625
-.375 12.375
-.375 13.125
-.375 13.875
-.375 14.625
-.375 15.375
-.375 16.125
-.375 16.875
-.375 17.625
-.375 18.375
-.375 19.125
-.375 19.875
-.375 20.625
-.375 21.375
-.375 22.125
-.375 22.875
-.375 23.625
-.375 24.375
-.375 25.125
-.375 25.875
-.375 26.625
-.375 27.375
-.375 28.125
-.375 28.875
-.375 29.625
-.375 30.375
-.375 31.125
-.375 31.875
-.375 32.625
-.375 33.375
-.375 34.125
-.375 34.875
-.375 35.625
-.375 36.375
-.375 37.125
-.375 37.875
-.375 38.625
-.375 39.375
-.375 40.125
-.375 40.875
-.375 41.625
-.375 42.375
-.375 43.125
-.375 43.875
-.375 44.625
-.375 45.375
-.375 46.125
-.375 46.875
-.375 47.625
-.375 48.375
-.375 49.125
-.375 49.875
-.375 50.625
-.375 51.375
-.375 52.125
-.375 52.875
-.375 53.625
-.375 54.375
-.375 55.125
-.375 55.875
-.375 56.625
-.375 57.375
-.375 58.125
-.375 58.875
-.375 59.625
-.375 60.375
-.375 61.125
-.375 61.875
-.375 62.625
-.375 63.375
-.375 64.125
-.375 64.875
-.375 65.625
-.375 66.375
-.375 67.125
-.375 67.875
-.375 68.625
-.375 69.375
-.375 70.125
-.375 70.875
-.375 71.625
-.375 72.375
-.375 73.125
-.375 73.875
.375 -.375
.375 .375
.375 1.125
.375 1.875
.375 2.625
.375 3.375
.375 4.125
.375 4.875
.375 5.625
.375 6.375
.375 7.125
.375 7.875
.375 8.625
.375 9.375
.375 10.125
.375 10.875
.375 11.625
.375 12.375
.375 13.125
.375 13.875
.375 14.625
.375 15.375
.375 16.125
.375 16.875
.375 17.625
.375 18.375
.375 19.125
.375 19.875
.375 20.625
.375 21.375
.375 22.125
.375 22.875
.375 23.625
.375 24.375
.375 25.125
.375 25.875
.375 26.625
.375 27.375
.375 28.125
.375 28.875
.375 29.625
.375 30.375
.375 31.125
.375 31.875
.375 32.625
.375 33.375
.375 34.125
.375 34.875
.375 35.625
.375 36.375
.375 37.125
.375 37.875
.375 38.625
.375 39.375
.375 40.125
.375 40.875
.375 41.625
.375 42.375
.375 43.125
.375 43.875
.375 44.625
.375 45.375
.375 46.125
.375 46.875
.375 47.625
.375 48.375
.375 49.125
.375 49.875
.375 50.625
.375 51.375
.375 52.125
.375 52.875
.375 53.625
.375 54.375
.375 55.125
.375 55.875
.375 56.625
.375 57.375
.375 58.125
.375 58.875
.375 59.625
.375 60.375
.375 61.125
.375 61.875
.375 62.625
.375 63.375
.375 64.125
.375 64.875
.375 65.625
.375 66.375
.375 67.125
.375 67.875
.375 68.625
.375 69.375
.375 70.125
.375 70.875
.375 71.625
.375 72.375
.375 73.125
.375 73.875
1.125 -.375
1.125 .375
1.125 1.125
1.125 1.875
1.125 2.625
1.125 3.375
1.125 4.125
1.125 4.875
1.125 5.625
1.125 6.375
1.125 7.125
1.125 7.875
1.125 8.625
1.125 9.375
1.125 10.125
1.125 10.875
1.125 11.625
1.125 12.375
1.125 13.125
1.125 13.875
1.125 14.625
1.125 15.375
1.125 16.125
1.125 16.875
1.125 17.625
1.125 18.375
1.125 19.125
1.125 19.875
1.125 20.625
1.125 21.375
1.125 22.125
1.125 22.875
1.125 23.625
1.125 24.375
1.125 25.125
1.125 25.875
1.125 26.625
1.125 27.375
1.125 28.125
1.125 28.875
1.125 29.625
1.125 30.375
1.125 31.125
1.125 31.875
1.125 32.625
1.125 33.375
1.125 34.125
1.125 34.875
1.125 35.625
1.125 36.375
1.125 37.125
1.125 37.875
1.125 38.625
1.125 39.375
1.125 40.125
1.125 40.875
1.125 41.625
1.125 42.375
1.125 43.125
1.125 43.875
1.125 44.625
1.125 45.375
1.125 46.125
1.125 46.875
1.125 47.625
1.125 48.375
1.125 49.125
1.125 49.875
1.125 50.625
1.125 51.375
1.125 52.125
1.125 52.875
1.125 53.625
1.125 54.375
1.125 55.125
1.125 55.875
1.125 56.625
1.125 57.375
1.125 58.125
1.125 58.875
1.125 59.625
1.125 60.375
1.125 61.125
1.125 61.875
1.125 62.625
1.125 63.375
1.125 64.125
1.125 64.875
1.125 65.625
1.125 66.375
1.125 67.125
1.125 67.875
1.125 68.625
1.125 69.375
1.125 70.125
1.125 70.875
1.125 71.625
1.125 72.375
1.125 73.125
1.125 73.875
1.875 -.375
1.875 .375
1.875 1.125
1.875 1.875
1.875 2.625
1.875 3.375
1.875 4.125
1.875 4.875
1.875 5.625
1.875 6.375
1.875 7.125
1.875 7.875
1.875 8.625
1.875 9.375
1.875 10.125
1.875 10.875
1.875 11.625
1.875 12.375
1.875 13.125
1.875 13.875
1.875 14.625
1.875 15.375
1.875 16.125
1.875 16.875
1.875 17.625
1.875 18.375
1.875 19.125
1.875 19.875
1.875 20.625
1.875 21.375
1.875 22.125
1.875 22.875
1.875 23.625
1.875 24.375
1.875 25.125
1.875 25.875
1.875 26.625
1.875 27.375
1.875 28.125
1.875 28.875
1.875 29.625
1.875 30.375
1.875 31.125
1.875 31.875
1.875 32.625
1.875 33.375
1.875 34.125
1.875 34.875
1.875 35.625
1.875 36.375
1.875 37.125
1.875 37.875
1.875 38.625
1.875 39.375
1.875 40.125
1.875 40.875
1.875 41.625
1.875 42.375
1.875 43.125
1.875 43.875
1.875 44.625
1.875 45.375
1.875 46.125
1.875 46.875
1.875 47.625
1.875 48.375
1.875 49.125
1.875 49.875
1.875 50.625
1.875 51.375
1.875 52.125
1.875 52.875
1.875 53.625
1.875 54.375
1.875 55.125
1.875 55.875
1.875 56.625
1.875 57.375
1.875 58.125
1.875 58.875
1.875 59.625
1.875 60.375
1.875 61.125
1.875 61.875
1.875 62.625
1.875 63.375
1.875 64.125
1.875 64.875
1.875 65.625
1.875 66.375
1.875 67.125
1.875 67.875
1.875 68.625
1.875 69.375
1.875 70.125
1.875 70.875
1.875 71.625
1.875 72.375
1.875 73.125
1.875 73.875
2.625 -.375
2.625 .375
2.625 1.125
2.625 1.875
2.625 2.625
2.625 3.375
2.625 4.125
2.625 4.875
2.625 5.625
2.625 6.375
2.625 7.125
2.625 7.875
2.625 8.625
2.625 9.375
2.625 10.125
2.625 10.875
2.625 11.625
2.625 12.375
2.625 13.125
2.625 13.875
2.625 14.625
2.625 15.375
2.625 16.125
2.625 16.875
2.625 17.625
2.625 18.375
2.625 19.125
2.625 19.875
2.625 20.625
2.625 21.375
2.625 22.125
2.625 22.875
2.625 23.625
2.625 24.375
2.625 25.125
2.625 25.875
2.625 26.625
2.625 27.375
2.625 28.125
2.625 28.875
2.625 29.625
2.625 30.375
2.625 31.125
2.625 31.875
2.625 32.625
2.625 33.375
2.625 34.125
2.625 34.875
2.625 35.625
2.625 36.375
2.625 37.125
2.625 37.875
2.625 38.625
2.625 39.375
2.625 40.125
2.625 40.875
2.625 41.625
2.625 42.375
2.625 43.125
2.625 43.875
2.625 44.625
2.625 45.375
2.625 46.125
2.625 46.875
2.625 47.625
2.625 48.375
2.625 49.125
2.625 49.875
2.625 50.625
2.625 51.375
2.625 52.125
2.625 52.875
2.625 53.625
2.625 54.375
2.625 55.125
2.625 55.875
2.625 56.625
2.625 57.375
2.625 58.125
2.625 58.875
2.625 59.625
2.625 60.375
2.625 61.125
2.625 61.875
2.625 62.625
2.625 63.375
2.625 64.125
2.625 64.875
2.625 65.625
2.625 66.375
2.625 67.125
2.625 67.875
2.625 68.625
2.625 69.375
2.625 70.125
2.625 70.875
2.625 71.625
2.625 72.375
2.625 73.125
2.625 73.875
3.375 -.375
3.375 .375
3.375 1.125
3.375 1.875
3.375 2.625
3.375 3.375
3.375 4.125
3.375 4.875
3.375 5.625
3.375 6.375
3.375 7.125
3.375 7.875
3.375 8.625
3.375 9.375
3.375 10.125
3.375 10.875
3.375 11.625
3.375 12.375
3.375 13.125
3.375 13.875
3.375 14.625
3.375 15.375
3.375 16.125
3.375 16.875
3.375 17.625
3.375 18.375
3.375 19.125
3.375 19.875
3.375 20.625
3.375 21.375
3.375 22.125
3.375 22.875
3.375 23.625
3.375 24.375
3.375 25.125
3.375 25.875
3.375 26.625
3.375 27.375
3.375 28.125
3.375 28.875
3.375 29.625
3.375 30.375
3.375 31.125
3.375 31.875
3.375 32.625
3.375 33.375
3.375 34.125
3.375 34.875
3.375 35.625
3.375 36.375
3.375 37.125
3.375 37.875
3.375 38.625
3.375 39.375
3.375 40.125
3.375 40.875
3.375 41.625
3.375 42.375
3.375 43.125
3.375 43.875
3.375 44.625
3.375 45.375
3.375 46.125
3.375 46.875
3.375 47.625
3.375 48.375
3.375 49.125
3.375 49.875
3.375 50.625
3.375 51.375
3.375 52.125
3.375 52.875
3.375 53.625
3.375 54.375
3.375 55.125
3.375 55.875
3.375 56.625
3.375 57.375
3.375 58.125
3.375 58.875
3.375 59.625
3.375 60.375
3.375 61.125
3.375 61.875
3.375 62.625
3.375 63.375
3.375 64.125
3.375 64.875
3.375 65.625
3.375 66.375
3.375 67.125
3.375 67.875
3.375 68.625
3.375 69.375
3.375 70.125
3.375 70.875
3.375 71.625
3.375 72.375
3.375 73.125
3.375 73.875
4.125 -.375
4.125 .375
4.125 1.125
4.125 1.875
4.125 2.625
4.125 3.375
4.125 4.125
4.125 4.875
4.125 5.625
4.125 6.375
4.125 7.125
4.125 7.875
4.125 8.625
4.125 9.375
4.125 10.125
4.125 10.875
4.125 11.625
4.125 12.375
4.125 13.125
4.125 13.875
4.125 14.625
4.125 15.375
4.125 16.125
4.125 16.875
4.125 17.625
4.125 18.375
4.125 19.125
4.125 19.875
4.125 20.625
4.125 21.375
4.125 22.125
4.125 22.875
4.125 23.625
4.125 24.375
4.125 25.125
4.125 25.875
4.125 26.625
4.125 27.375
4.125 28.125
4.125 28.875
4.125 29.625
4.125 30.375
4.125 31.125
4.125 31.875
4.125 32.625
4.125 33.375
4.125 34.125
4.125 34.875
4.125 35.625
4.125 36.375
4.125 37.125
4.125 37.875
4.125 38.625
4.125 39.375
4.125 40.125
4.125 40.875
4.125 41.625
4.125 42.375
4.125 43.125
4.125 43.875
4.125 44.625
4.125 45.375
4.125 46.125
4.125 46.875
4.125 47.625
4.125 48.375
4.125 49.125
4.125 49.875
4.125 50.625
4.125 51.375
4.125 52.125
4.125 52.875
4.125 53.625
4.125 54.375
4.125 55.125
4.125 55.875
4.125 56.625
4.125 57.375
4.125 58.125
4.125 58.875
4.125 59.625
4.125 60.375
4.125 61.125
4.125 61.875
4.125 62.625
4.125 63.375
4.125 64.125
4.125 64.875
4.125 65.625
4.125 66.375
4.125 67.125
4.125 67.875
4.125 68.625
4.125 69.375
4.125 70.125
4.125 70.875
4.125 71.625
4.125 72.375
4.125 73.125
4.125 73.875
4.875 -.375
4.875 .375
4.875 1.125
4.875 1.875
4.875 2.625
4.875 3.375
4.875 4.125
4.875 4.875
4.875 5.625
4.875 6.375
4.875 7.125
4.875 7.875
4.875 8.625
4.875 9.375
4.875 10.125
4.875 10.875
4.875 11.625
4.875 12.375
4.875 13.125
4.875 13.875
4.875 14.625
4.875 15.375
4.875 16.125
4.875 16.875
4.875 17.625
4.875 18.375
4.875 19.125
4.875 19.875
4.875 20.625
4.875 21.375
4.875 22.125
4.875 22.875
4.875 23.625
4.875 24.375
4.875 25.125
4.875 25.875
4.875 26.625
4.875 27.375
4.875 28.125
4.875 28.875
4.875 29.625
4.875 30.375
4.875 31.125
4.875 31.875
4.875 32.625
4.875 33.375
4.875 34.125
4.875 34.875
4.875 35.625
4.875 36.375
4.875 37.125
4.875 37.875
4.875 38.625
4.875 39.375
4.875 40.125
4.875 40.875
4.875 41.625
4.875 42.375
4.875 43.125
4.875 43.875
4.875 44.625
4.875 45.375
4.875 46.125
4.875 46.875
4.875 47.625
4.875 48.375
4.875 49.125
4.875 49.875
4.875 50.625
4.875 51.375
4.875 52.125
4.875 52.875
4.875 53.625
4.875 54.375
4.875 55.125
4.875 55.875
4.875 56.625
4.875 57.375
4.875 58.125
4.875 58.875
4.875 59.625
4.875 60.375
4.875 61.125
4.875 61.875
4.875 62.625
4.875 63.375
4.875 64.125
4.875 64.875
4.875 65.625
4.875 66.375
4.875 67.125
4.875 67.875
4.875 68.625
4.875 69.375
4.875 70.125
4.875 70.875
4.875 71.625
4.875 72.375
4.875 73.125
4.875 73.875
5.625 -.375
5.625 .375
5.625 1.125
5.625 1.875
5.625 2.625
5.625 3.375
5.625 4.125
5.625 4.875
5.625 5.625
5.625 6.375
5.625 7.125
5.625 7.875
5.625 8.625
5.625 9.375
5.625 10.125
5.625 10.875
5.625 11.625
5.625 12.375
5.625 13.125
5.625 13.875
5.625 14.625
5.625 15.375
5.625 16.125
5.625 16.875
5.625 17.625
5.625 18.375
5.625 19.125
5.625 19.875
5.625 20.625
5.625 21.375
5.625 22.125
5.625 22.875
5.625 23.625
5.625 24.375
5.625 25.125
5.625 25.875
5.625 26.625
5.625 27.375
5.625 28.125
5.625 28.875
5.625 29.625
5.625 30.375
5.625 31.125
5.625 31.875
5.625 32.625
5.625 33.375
5.625 34.125
5.625 34.875
5.625 35.625
5.625 36.375
5.625 37.125
5.625 37.875
5.625 38.625
5.625 39.375
5.625 40.125
5.625 40.875
5.625 41.625
5.625 42.375
5.625 43.125
5.625 43.875
5.625 44.625
5.625 45.375
5.625 46.125
5.625 46.875
5.625 47.625
5.625 48.375
5.625 49.125
5.625 49.875
5.625 50.625
5.625 51.375
5.625 52.125
5.625 52.875
5.625 53.625
5.625 54.375
5.625 55.125
5.625 55.875
5.625 56.625
5.625 57.375
5.625 58.125
5.625 58.875
5.625 59.625
5.625 60.375
5.625 61.125
5.625 61.875
5.625 62.625
5.625 63.375
5.625 64.125
5.625 64.875
5.625 65.625
5.625 66.375
5.625 67.125
5.625 67.875
5.625 68.625
5.625 69.375
5.625 70.125
5.625 70.875
5.625 71.625
5.625 72.375
5.625 73.125
5.625 73.875
6.375 -.375
6.375 .375
6.375 1.125
6.375 1.875
6.375 2.625
6.375 3.375
6.375 4.125
6.375 4.875
6.375 5.625
6.375 6.375
6.375 7.125
6.375 7.875
6.375 8.625
6.375 9.375
6.375 10.125
6.375 10.875
6.375 11.625
6.375 12.375
6.375 13.125
6.375 13.875
6.375 14.625
6.375 15.375
6.375 16.125
6.375 16.875
6.375 17.625
6.375 18.375
6.375 19.125
6.375 19.875
6.375 20.625
6.375 21.375
6.375 22.125
6.375 22.875
6.375 23.625
6.375 24.375
6.375 25.125
6.375 25.875
6.375 26.625
6.375 27.375
6.375 28.125
6.375 28.875
6.375 29.625
6.375 30.375
6.375 31.125
6.375 31.875
6.375 32.625
6.375 33.375
6.375 34.125
6.375 34.875
6.375 35.625
6.375 36.375
6.375 37.125
6.375 37.875
6.375 38.625
6.375 39.375
6.375 40.125
6.375 40.875
6.375 41.625
6.375 42.375
6.375 43.125
6.375 43.875
6.375 44.625
6.375 45.375
6.375 46.125
6.375 46.875
6.375 47.625
6.375 48.375
6.375 49.125
6.375 49.875
6.375 50.625
6.375 51.375
6.375 52.125
6.375 52.875
6.375 53.625
6.375 54.375
6.375 55.125
6.375 55.875
6.375 56.625
6.375 57.375
6.375 58.125
6.375 58.875
6.375 59.625
6.375 60.375
6.375 61.125
6.375 61.875
6.375 62.625
6.375 63.375
6.375 64.125
6.375 64.875
6.375 65.625
6.375 66.375
6.375 67.125
6.375 67.875
6.375 68.625
6.375 69.375
6.375 70.125
6.375 70.875
6.375 71.625
6.375 72.375
6.375 73.125
6.375 73.875
7.125 -.375
7.125 .375
7.125 1.125
7.125 1.875
7.125 2.625
7.125 3.375
7.125 4.125
7.125 4.875
7.125 5.625
7.125 6.375
7.125 7.125
7.125 7.875
7.125 8.625
7.125 9.375
7.125 10.125
7.125 10.875
7.125 11.625
7.125 12.375
7.125 13.125
7.125 13.875
7.125 14.625
7.125 15.375
7.125 16.125
7.125 16.875
7.125 17.625
7.125 18.375
7.125 19.125
7.125 19.875
7.125 20.625
7.125 21.375
7.125 22.125
7.125 22.875
7.125 23.625
7.125 24.375
7.125 25.125
7.125 25.875
7.125 26.625
7.125 27.375
7.125 28.125
7.125 28.875
7.125 29.625
7.125 30.375
7.125 31.125
7.125 31.875
7.125 32.625
7.125 33.375
7.125 34.125
7.125 34.875
7.125 35.625
7.125 36.375
7.125 37.125
7.125 37.875
7.125 38.625
7.125 39.375
7.125 40.125
7.125 40.875
7.125 41.625
7.125 42.375
7.125 43.125
7.125 43.875
7.125 44.625
7.125 45.375
7.125 46.125
7.125 46.875
7.125 47.625
7.125 48.375
7.125 49.125
7.125 49.875
7.125 50.625
7.125 51.375
7.125 52.125
7.125 52.875
7.125 53.625
7.125 54.375
7.125 55.125
7.125 55.875
7.125 56.625
7.125 57.375
7.125 58.125
7.125 58.875
7.125 59.625
7.125 60.375
7.125 61.125
7.125 61.875
7.125 62.625
7.125 63.375
7.125 64.125
7.125 64.875
7.125 65.625
7.125 66.375
7.125 67.125
7.125 67.875
7.125 68.625
7.125 69.375
7.125 70.125
7.125 70.875
7.125 71.625
7.125 72.375
7.125 73.125
7.125 73.875
7.875 -.375
7.875 .375
7.875 1.125
7.875 1.875
7.875 2.625
7.875 3.375
7.875 4.125
7.875 4.875
7.875 5.625
7.875 6.375
7.875 7.125
7.875 7.875
7.875 8.625
7.875 9.375
7.875 10.125
7.875 10.875
7.875 11.625
7.875 12.375
7.875 13.125
7.875 13.875
7.875 14.625
7.875 15.375
7.875 16.125
7.875 16.875
7.875 17.625
7.875 18.375
7.875 19.125
7.875 19.875
7.875 20.625
7.875 21.375
7.875 22.125
7.875 22.875
7.875 23.625
7.875 24.375
7.875 25.125
7.875 25.875
7.875 26.625
7.875 27.375
7.875 28.125
7.875 28.875
7.875 29.625
7.875 30.375
7.875 31.125
7.875 31.875
7.875 32.625
7.875 33.375
7.875 34.125
7.875 34.875
7.875 35.625
7.875 36.375
7.875 37.125
7.875 37.875
7.875 38.625
7.875 39.375
7.875 40.125
7.875 40.875
7.875 41.625
7.875 42.375
7.875 43.125
7.875 43.875
7.875 44.625
7.875 45.375
7.875 46.125
7.875 46.875
7.875 47.625
7.875 48.375
7.875 49.125
7.875 49.875
7.875 50.625
7.875 51.375
7.875 52.125
7.875 52.875
7.875 53.625
7.875 54.375
7.875 55.125
7.875 55.875
7.875 56.625
7.875 57.375
7.875 58.125
7.875 58.875
7.875 59.625
7.875 60.375
7.875 61.125
7.875 61.875
7.875 62.625
7.875 63.375
7.875 64.125
7.875 64.875
7.875 65.625
7.875 66.375
7.875 67.125
7.875 67.875
7.875 68.625
7.875 69.375
7.875 70.125
7.875 70.875
7.875 71.625
7.875 72.375
7.875 73.125
7.875 73.875
8.625 -.375
8.625 .375
8.625 1.125
8.625 1.875
8.625 2.625
8.625 3.375
8.625 4.125
8.625 4.875
8.625 5.625
8.625 6.375
8.625 7.125
8.625 7.875
8.625 8.625
8.625 9.375
8.625 10.125
8.625 10.875
8.625 11.625
8.625 12.375
8.625 13.125
8.625 13.875
8.625 14.625
8.625 15.375
8.625 16.125
8.625 16.875
8.625 17.625
8.625 18.375
8.625 19.125
8.625 19.875
8.625 20.625
8.625 21.375
8.625 22.125
8.625 22.875
8.625 23.625
8.625 24.375
8.625 25.125
8.625 25.875
8.625 26.625
8.625 27.375
8.625 28.125
8.625 28.875
8.625 29.625
8.625 30.375
8.625 31.125
8.625 31.875
8.625 32.625
8.625 33.375
8.625 34.125
8.625 34.875
8.625 35.625
8.625 36.375
8.625 37.125
8.625 37.875
8.625 38.625
8.625 39.375
8.625 40.125
8.625 40.875
8.625 41.625
8.625 42.375
8.625 43.125
8.625 43.875
8.625 44.625
8.625 45.375
8.625 46.125
8.625 46.875
8.625 47.625
8.625 48.375
8.625 49.125
8.625 49.875
8.625 50.625
8.625 51.375
8.625 52.125
8.625 52.875
8.625 53.625
8.625 54.375
8.625 55.125
8.625 55.875
8.625 56.625
8.625 57.375
8.625 58.125
8.625 58.875
8.625 59.625
8.625 60.375
8.625 61.125
8.625 61.875
8.625 62.625
8.625 63.375
8.625 64.125
8.625 64.875
8.625 65.625
8.625 66.375
8.625 67.125
8.625 67.875
8.625 68.625
8.625 69.375
8.625 70.125
8.625 70.875
8.625 71.625
8.625 72.375
8.625 73.125
8.625 73.875
9.375 -.375
9.375 .375
9.375 1.125
9.375 1.875
9.375 2.625
9.375 3.375
9.375 4.125
9.375 4.875
9.375 5.625
9.375 6.375
9.375 7.125
9.375 7.875
9.375 8.625
9.375 9.375
9.375 10.125
9.375 10.875
9.375 11.625
9.375 12.375
9.375 13.125
9.375 13.875
9.375 14.625
9.375 15.375
9.375 16.125
9.375 16.875
9.375 17.625
9.375 18.375
9.375 19.125
9.375 19.875
9.375 20.625
9.375 21.375
9.375 22.125
9.375 22.875
9.375 23.625
9.375 24.375
9.375 25.125
9.375 25.875
9.375 26.625
9.375 27.375
9.375 28.125
9.375 28.875
9.375 29.625
9.375 30.375
9.375 31.125
9.375 31.875
9.375 32.625
9.375 33.375
9.375 34.125
9.375 34.875
9.375 35.625
9.375 36.375
9.375 37.125
9.375 37.875
9.375 38.625
9.375 39.375
9.375 40.125
9.375 40.875
9.375 41.625
9.375 42.375
9.375 43.125
9.375 43.875
9.375 44.625
9.375 45.375
9.375 46.125
9.375 46.875
9.375 47.625
9.375 48.375
9.375 49.125
9.375 49.875
9.375 50.625
9.375 51.375
9.375 52.125
9.375 52.875
9.375 53.625
9.375 54.375
9.375 55.125
9.375 55.875
9.375 56.625
9.375 57.375
9.375 58.125
9.375 58.875
9.375 59.625
9.375 60.375
9.375 61.125
9.375 61.875
9.375 62.625
9.375 63.375
9.375 64.125
9.375 64.875
9.375 65.625
9.375 66.375
9.375 67.125
9.375 67.875
9.375 68.625
9.375 69.375
9.375 70.125
9.375 70.875
9.375 71.625
9.375 72.375
9.375 73.125
9.375 73.875
10.125 -.375
10.125 .375
10.125 1.125
10.125 1.875
10.125 2.625
10.125 3.375
10.125 4.125
10.125 4.875
10.125 5.625
10.125 6.375
10.125 7.125
10.125 7.875
10.125 8.625
10.125 9.375
10.125 10.125
10.125 10.875
10.125 11.625
10.125 12.375
10.125 13.125
10.125 13.875
10.125 14.625
10.125 15.375
10.125 16.125
10.125 16.875
10.125 17.625
10.125 18.375
10.125 19.125
10.125 19.875
10.125 20.625
10.125 21.375
10.125 22.125
10.125 22.875
10.125 23.625
10.125 24.375
10.125 25.125
10.125 25.875
10.125 26.625
10.125 27.375
10.125 28.125
10.125 28.875
10.125 29.625
10.125 30.375
10.125 31.125
10.125 31.875
10.125 32.625
10.125 33.375
10.125 34.125
10.125 34.875
10.125 35.625
10.125 36.375
10.125 37.125
10.125 37.875
10.125 38.625
10.125 39.375
10.125 40.125
10.125 40.875
10.125 41.625
10.125 42.375
10.125 43.125
10.125 43.875
10.125 44.625
10.125 45.375
10.125 46.125
10.125 46.875
10.125 47.625
10.125 48.375
10.125 49.125
10.125 49.875
10.125 50.625
10.125 51.375
10.125 52.125
10.125 52.875
10.125 53.625
10.125 54.375
10.125 55.125
10.125 55.875
10.125 56.625
10.125 57.375
10.125 58.125
10.125 58.875
10.125 59.625
10.125 60.375
10.125 61.125
10.125 61.875
10.125 62.625
10.125 63.375
10.125 64.125
10.125 64.875
10.125 65.625
10.125 66.375
10.125 67.125
10.125 67.875
10.125 68.625
10.125 69.375
10.125 70.125
10.125 70.875
10.125 71.625
10.125 72.375
10.125 73.125
10.125 73.875
10.875 -.375
10.875 .375
10.875 1.125
10.875 1.875
10.875 2.625
10.875 3.375
10.875 4.125
10.875 4.875
10.875 5.625
10.875 6.375
10.875 7.125
10.875 7.875
10.875 8.625
10.875 9.375
10.875 10.125
10.875 10.875
10.875 11.625
10.875 12.375
10.875 13.125
10.875 13.875
10.875 14.625
10.875 15.375
10.875 16.125
10.875 16.875
10.875 17.625
10.875 18.375
10.875 19.125
10.875 19.875
10.875 20.625
10.875 21.375
10.875 22.125
10.875 22.875
10.875 23.625
10.875 24.375
10.875 25.125
10.875 25.875
10.875 26.625
10.875 27.375
10.875 28.125
10.875 28.875
10.875 29.625
10.875 30.375
10.875 31.125
10.875 31.875
10.875 32.625
10.875 33.375
10.875 34.125
10.875 34.875
10.875 35.625
10.875 36.375
10.875 37.125
10.875 37.875
10.875 38.625
10.875 39.375
10.875 40.125
10.875 40.875
10.875 41.625
10.875 42.375
10.875 43.125
10.875 43.875
10.875 44.625
10.875 45.375
10.875 46.125
10.875 46.875
10.875 47.625
10.875 48.375
10.875 49.125
10.875 49.875
10.875 50.625
10.875 51.375
10.875 52.125
10.875 52.875
10.875 53.625
10.875 54.375
10.875 55.125
10.875 55.875
10.875 56.625
10.875 57.375
10.875 58.125
10.875 58.875
10.875 59.625
10.875 60.375
10.875 61.125
10.875 61.875
10.875 62.625
10.875 63.375
10.875 64.125
10.875 64.875
10.875 65.625
10.875 66.375
10.875 67.125
10.875 67.875
10.875 68.625
10.875 69.375
10.875 70.125
10.875 70.875
10.875 71.625
10.875 72.375
10.875 73.125
10.875 73.875
11.625 -.375
11.625 .375
11.625 1.125
11.625 1.875
11.625 2.625
11.625 3.375
11.625 4.125
11.625 4.875
11.625 5.625
11.625 6.375
11.625 7.125
11.625 7.875
11.625 8.625
11.625 9.375
11.625 10.125
11.625 10.875
11.625 11.625
11.625 12.375
11.625 13.125
11.625 13.875
11.625 14.625
11.625 15.375
11.625 16.125
11.625 16.875
11.625 17.625
11.625 18.375
11.625 19.125
11.625 19.875
11.625 20.625
11.625 21.375
11.625 22.125
11.625 22.875
11.625 23.625
11.625 24.375
11.625 25.125
11.625 25.875
11.625 26.625
11.625 27.375
11.625 28.125
11.625 28.875
11.625 29.625
11.625 30.375
11.625 31.125
11.625 31.875
11.625 32.625
11.625 33.375
11.625 34.125
11.625 34.875
11.625 35.625
11.625 36.375
11.625 37.125
11.625 37.875
11.625 38.625
11.625 39.375
11.625 40.125
11.625 40.875
11.625 41.625
11.625 42.375
11.625 43.125
11.625 43.875
11.625 44.625
11.625 45.375
11.625 46.125
11.625 46.875
11.625 47.625
11.625 48.375
11.625 49.125
11.625 49.875
11.625 50.625
11.625 51.375
11.625 52.125
11.625 52.875
11.625 53.625
11.625 54.375
11.625 55.125
11.625 55.875
11.625 56.625
11.625 57.375
11.625 58.125
11.625 58.875
11.625 59.625
11.625 60.375
11.625 61.125
11.625 61.875
11.625 62.625
11.625 63.375
11.625 64.125
11.625 64.875
11.625 65.625
11.625 66.375
11.625 67.125
11.625 67.875
11.625 68.625
11.625 69.375
11.625 70.125
11.625 70.875
11.625 71.625
11.625 72.375
11.625 73.125
11.625 73.875
12.375 -.375
12.375 .375
12.375 1.125
12.375 1.875
12.375 2.625
12.375 3.375
12.375 4.125
12.375 4.875
12.375 5.625
12.375 6.375
12.375 7.125
12.375 7.875
12.375 8.625
12.375 9.375
12.375 10.125
12.375 10.875
12.375 11.625
12.375 12.375
12.375 13.125
12.375 13.875
12.375 14.625
12.375 15.375
12.375 16.125
12.375 16.875
12.375 17.625
12.375 18.375
12.375 19.125
12.375 19.875
12.375 20.625
12.375 21.375
12.375 22.125
12.375 22.875
12.375 23.625
12.375 24.375
12.375 25.125
12.375 25.875
12.375 26.625
12.375 27.375
12.375 28.125
12.375 28.875
12.375 29.625
12.375 30.375
12.375 31.125
12.375 31.875
12.375 32.625
12.375 33.375
12.375 34.125
12.375 34.875
12.375 35.625
12.375 36.375
12.375 37.125
12.375 37.875
12.375 38.625
12.375 39.375
12.375 40.125
12.375 40.875
12.375 41.625
12.375 42.375
12.375 43.125
12.375 43.875
12.375 44.625
12.375 45.375
12.375 46.125
12.375 46.875
12.375 47.625
12.375 48.375
12.375 49.125
12.375 49.875
12.375 50.625
12.375 51.375
12.375 52.125
12.375 52.875
12.375 53.625
12.375 54.375
12.375 55.125
12.375 55.875
12.375 56.625
12.375 57.375
12.375 58.125
12.375 58.875
12.375 59.625
12.375 60.375
12.375 61.125
12.375 61.875
12.375 62.625
12.375 63.375
12.375 64.125
12.375 64.875
12.375 65.625
12.375 66.375
12.375 67.125
12.375 67.875
12.375 68.625
12.375 69.375
12.375 70.125
12.375 70.875
12.375 71.625
12.375 72.375
12.375 73.125
12.375 73.875
13.125 -.375
13.125 .375
13.125 1.125
13.125 1.875
13.125 2.625
13.125 3.375
13.125 4.125
13.125 4.875
13.125 5.625
13.125 6.375
13.125 7.125
13.125 7.875
13.125 8.625
13.125 9.375
13.125 10.125
13.125 10.875
13.125 11.625
13.125 12.375
13.125 13.125
13.125 13.875
13.125 14.625
13.125 15.375
13.125 16.125
13.125 16.875
13.125 17.625
13.125 18.375
13.125 19.125
13.125 19.875
13.125 20.625
13.125 21.375
13.125 22.125
13.125 22.875
13.125 23.625
13.125 24.375
13.125 25.125
13.125 25.875
13.125 26.625
13.125 27.375
13.125 28.125
13.125 28.875
13.125 29.625
13.125 30.375
13.125 31.125
13.125 31.875
13.125 32.625
13.125 33.375
13.125 34.125
13.125 34.875
13.125 35.625
13.125 36.375
13.125 37.125
13.125 37.875
13.125 38.625
13.125 39.375
13.125 40.125
13.125 40.875
13.125 41.625
13.125 42.375
13.125 43.125
13.125 43.875
13.125 44.625
13.125 45.375
13.125 46.125
13.125 46.875
13.125 47.625
13.125 48.375
13.125 49.125
13.125 49.875
13.125 50.625
13.125 51.375
13.125 52.125
13.125 52.875
13.125 53.625
13.125 54.375
13.125 55.125
13.125 55.875
13.125 56.625
13.125 57.375
13.125 58.125
13.125 58.875
13.125 59.625
13.125 60.375
13.125 61.125
13.125 61.875
13.125 62.625
13.125 63.375
13.125 64.125
13.125 64.875
13.125 65.625
13.125 66.375
13.125 67.125
13.125 67.875
13.125 68.625
13.125 69.375
13.125 70.125
13.125 70.875
13.125 71.625
13.125 72.375
13.125 73.125
13.125 73.875
13.875 -.375
13.875 .375
13.875 1.125
13.875 1.875
13.875 2.625
13.875 3.375
13.875 4.125
13.875 4.875
13.875 5.625
13.875 6.375
13.875 7.125
13.875 7.875
13.875 8.625
13.875 9.375
13.875 10.125
13.875 10.875
13.875 11.625
13.875 12.375
13.875 13.125
13.875 13.875
13.875 14.625
13.875 15.375
13.875 16.125
13.875 16.875
13.875 17.625
13.875 18.375
13.875 19.125
13.875 19.875
13.875 20.625
13.875 21.375
13.875 22.125
13.875 22.875
13.875 23.625
13.875 24.375
13.875 25.125
13.875 25.875
13.875 26.625
13.875 27.375
13.875 28.125
13.875 28.875
13.875 29.625
13.875 30.375
13.875 31.125
13.875 31.875
13.875 32.625
13.875 33.375
13.875 34.125
13.875 34.875
13.875 35.625
13.875 36.375
13.875 37.125
13.875 37.875
13.875 38.625
13.875 39.375
13.875 40.125
13.875 40.875
13.875 41.625
13.875 42.375
13.875 43.125
13.875 43.875
13.875 44.625
13.875 45.375
13.875 46.125
13.875 46.875
13.875 47.625
13.875 48.375
13.875 49.125
13.875 49.875
13.875 50.625
13.875 51.375
13.875 52.125
13.875 52.875
13.875 53.625
13.875 54.375
13.875 55.125
13.875 55.875
13.875 56.625
13.875 57.375
13.875 58.125
13.875 58.875
13.875 59.625
13.875 60.375
13.875 61.125
13.875 61.875
13.875 62.625
13.875 63.375
13.875 64.125
13.875 64.875
13.875 65.625
13.875 66.375
13.875 67.125
13.875 67.875
13.875 68.625
13.875 69.375
13.875 70.125
13.875 70.875
13.875 71.625
13.875 72.375
13.875 73.125
13.875 73.875
14.625 -.375
14.625 .375
14.625 1.125
14.625 1.875
14.625 2.625
14.625 3.375
14.625 4.125
14.625 4.875
14.625 5.625
14.625 6.375
14.625 7.125
14.625 7.875
14.625 8.625
14.625 9.375
14.625 10.125
14.625 10.875
14.625 11.625
14.625 12.375
14.625 13.125
14.625 13.875
14.625 14.625
14.625 15.375
14.625 16.125
14.625 16.875
14.625 17.625
14.625 18.375
14.625 19.125
14.625 19.875
14.625 20.625
14.625 21.375
14.625 22.125
14.625 22.875
14.625 23.625
14.625 24.375
14.625 25.125
14.625 25.875
14.625 26.625
14.625 27.375
14.625 28.125
14.625 28.875
14.625 29.625
14.625 30.375
14.625 31.125
14.625 31.875
14.625 32.625
14.625 33.375
14.625 34.125
14.625 34.875
14.625 35.625
14.625 36.375
14.625 37.125
14.625 37.875
14.625 38.625
14.625 39.375
14.625 40.125
14.625 40.875
14.625 41.625
14.625 42.375
14.625 43.125
14.625 43.875
14.625 44.625
14.625 45.375
14.625 46.125
14.625 46.875
14.625 47.625
14.625 48.375
14.625 49.125
14.625 49.875
14.625 50.625
14.625 51.375
14.625 52.125
14.625 52.875
14.625 53.625
14.625 54.375
14.625 55.125
14.625 55.875
14.625 56.625
14.625 57.375
14.625 58.125
14.625 58.875
14.625 59.625
14.625 60.375
14.625 61.125
14.625 61.875
14.625 62.625
14.625 63.375
14.625 64.125
14.625 64.875
14.625 65.625
14.625 66.375
14.625 67.125
14.625 67.875
14.625 68.625
14.625 69.375
14.625 70.125
14.625 70.875
14.625 71.625
14.625 72.375
14.625 73.125
14.625 73.875
15.375 -.375
15.375 .375
15.375 1.125
15.375 1.875
15.375 2.625
15.375 3.375
15.375 4.125
15.375 4.875
15.375 5.625
15.375 6.375
15.375 7.125
15.375 7.875
15.375 8.625
15.375 9.375
15.375 10.125
15.375 10.875
15.375 11.625
15.375 12.375
15.375 13.125
15.375 13.875
15.375 14.625
15.375 15.375
15.375 16.125
15.375 16.875
15.375 17.625
15.375 18.375
15.375 19.125
15.375 19.875
15.375 20.625
15.375 21.375
15.375 22.125
15.375 22.875
15.375 23.625
15.375 24.375
15.375 25.125
15.375 25.875
15.375 26.625
15.375 27.375
15.375 28.125
15.375 28.875
15.375 29.625
15.375 30.375
15.375 31.125
15.375 31.875
15.375 32.625
15.375 33.375
15.375 34.125
15.375 34.875
15.375 35.625
15.375 36.375
15.375 37.125
15.375 37.875
15.375 38.625
15.375 39.375
15.375 40.125
15.375 40.875
15.375 41.625
15.375 42.375
15.375 43.125
15.375 43.875
15.375 44.625
15.375 45.375
15.375 46.125
15.375 46.875
15.375 47.625
15.375 48.375
15.375 49.125
15.375 49.875
15.375 50.625
15.375 51.375
15.375 52.125
15.375 52.875
15.375 53.625
15.375 54.375
15.375 55.125
15.375 55.875
15.375 56.625
15.375 57.375
15.375 58.125
15.375 58.875
15.375 59.625
15.375 60.375
15.375 61.125
15.375 61.875
15.375 62.625
15.375 63.375
15.375 64.125
15.375 64.875
15.375 65.625
15.375 66.375
15.375 67.125
15.375 67.875
15.375 68.625
15.375 69.375
15.375 70.125
15.375 70.875
15.375 71.625
15.375 72.375
15.375 73.125
15.375 73.875
16.125 -.375
16.125 .375
16.125 1.125
16.125 1.875
16.125 2.625
16.125 3.375
16.125 4.125
16.125 4.875
16.125 5.625
16.125 6.375
16.125 7.125
16.125 7.875
16.125 8.625
16.125 9.375
16.125 10.125
16.125 10.875
16.125 11.625
16.125 12.375
16.125 13.125
16.125 13.875
16.125 14.625
16.125 15.375
16.125 16.125
16.125 16.875
16.125 17.625
16.125 18.375
16.125 19.125
16.125 19.875
16.125 20.625
16.125 21.375
16.125 22.125
16.125 22.875
16.125 23.625
16.125 24.375
16.125 25.125
16.125 25.875
16.125 26.625
16.125 27.375
16.125 28.125
16.125 28.875
16.125 29.625
16.125 30.375
16.125 31.125
16.125 31.875
16.125 32.625
16.125 33.375
16.125 34.125
16.125 34.875
16.125 35.625
16.125 36.375
16.125 37.125
16.125 37.875
16.125 38.625
16.125 39.375
16.125 40.125
16.125 40.875
16.125 41.625
16.125 42.375
16.125 43.125
16.125 43.875
16.125 44.625
16.125 45.375
16.125 46.125
16.125 46.875
16.125 47.625
16.125 48.375
16.125 49.125
16.125 49.875
16.125 50.625
16.125 51.375
16.125 52.125
16.125 52.875
16.125 53.625
16.125 54.375
16.125 55.125
16.125 55.875
16.125 56.625
16.125 57.375
16.125 58.125
16.125 58.875
16.125 59.625
16.125 60.375
16.125 61.125
16.125 61.875
16.125 62.625
16.125 63.375
16.125 64.125
16.125 64.875
16.125 65.625
16.125 66.375
16.125 67.125
16.125 67.875
16.125 68.625
16.125 69.375
16.125 70.125
16.125 70.875
16.125 71.625
16.125 72.375
16.125 73.125
16.125 73.875
16.875 -.375
16.875 .375
16.875 1.125
16.875 1.875
16.875 2.625
16.875 3.375
16.875 4.125
16.875 4.875
16.875 5.625
16.875 6.375
16.875 7.125
16.875 7.875
16.875 8.625
16.875 9.375
16.875 10.125
16.875 10.875
16.875 11.625
16.875 12.375
16.875 13.125
16.875 13.875
16.875 14.625
16.875 15.375
16.875 16.125
16.875 16.875
16.875 17.625
16.875 18.375
16.875 19.125
16.875 19.875
16.875 20.625
16.875 21.375
16.875 22.125
16.875 22.875
16.875 23.625
16.875 24.375
16.875 25.125
16.875 25.875
16.875 26.625
16.875 27.375
16.875 28.125
16.875 28.875
16.875 29.625
16.875 30.375
16.875 31.125
16.875 31.875
16.875 32.625
16.875 33.375
16.875 34.125
16.875 34.875
16.875 35.625
16.875 36.375
16.875 37.125
16.875 37.875
16.875 38.625
16.875 39.375
16.875 40.125
16.875 40.875
16.875 41.625
16.875 42.375
16.875 43.125
16.875 43.875
16.875 44.625
16.875 45.375
16.875 46.125
16.875 46.875
16.875 47.625
16.875 48.375
16.875 49.125
16.875 49.875
16.875 50.625
16.875 51.375
16.875 52.125
16.875 52.875
16.875 53.625
16.875 54.375
16.875 55.125
16.875 55.875
16.875 56.625
16.875 57.375
16.875 58.125
16.875 58.875
16.875 59.625
16.875 60.375
16.875 61.125
16.875 61.875
16.875 62.625
16.875 63.375
16.875 64.125
16.875 64.875
16.875 65.625
16.875 66.375
16.875 67.125
16.875 67.875
16.875 68.625
16.875 69.375
16.875 70.125
16.875 70.875
16.875 71.625
16.875 72.375
16.875 73.125
16.875 73.875
17.625 -.375
17.625 .375
17.625 1.125
17.625 1.875
17.625 2.625
17.625 3.375
17.625 4.125
17.625 4.875
17.625 5.625
17.625 6.375
17.625 7.125
17.625 7.875
17.625 8.625
17.625 9.375
17.625 10.125
17.625 10.875
17.625 11.625
17.625 12.375
17.625 13.125
17.625 13.875
17.625 14.625
17.625 15.375
17.625 16.125
17.625 16.875
17.625 17.625
17.625 18.375
17.625 19.125
17.625 19.875
17.625 20.625
17.625 21.375
17.625 22.125
17.625 22.875
17.625 23.625
17.625 24.375
17.625 25.125
17.625 25.875
17.625 26.625
17.625 27.375
17.625 28.125
17.625 28.875
17.625 29.625
17.625 30.375
17.625 31.125
17.625 31.875
17.625 32.625
17.625 33.375
17.625 34.125
17.625 34.875
17.625 35.625
17.625 36.375
17.625 37.125
17.625 37.875
17.625 38.625
17.625 39.375
17.625 40.125
17.625 40.875
17.625 41.625
17.625 42.375
17.625 43.125
17.625 43.875
17.625 44.625
17.625 45.375
17.625 46.125
17.625 46.875
17.625 47.625
17.625 48.375
17.625 49.125
17.625 49.875
17.625 50.625
17.625 51.375
17.625 52.125
17.625 52.875
17.625 53.625
17.625 54.375
17.625 55.125
17.625 55.875
17.625 56.625
17.625 57.375
17.625 58.125
17.625 58.875
17.625 59.625
17.625 60.375
17.625 61.125
17.625 61.875
17.625 62.625
17.625 63.375
17.625 64.125
17.625 64.875
17.625 65.625
17.625 66.375
17.625 67.125
17.625 67.875
17.625 68.625
17.625 69.375
17.625 70.125
17.625 70.875
17.625 71.625
17.625 72.375
17.625 73.125
17.625 73.875
18.375 -.375
18.375 .375
18.375 1.125
18.375 1.875
18.375 2.625
18.375 3.375
18.375 4.125
18.375 4.875
18.375 5.625
18.375 6.375
18.375 7.125
18.375 7.875
18.375 8.625
18.375 9.375
18.375 10.125
18.375 10.875
18.375 11.625
18.375 12.375
18.375 13.125
18.375 13.875
18.375 14.625
18.375 15.375
18.375 16.125
18.375 16.875
18.375 17.625
18.375 18.375
18.375 19.125
18.375 19.875
18.375 20.625
18.375 21.375
18.375 22.125
18.375 22.875
18.375 23.625
18.375 24.375
18.375 25.125
18.375 25.875
18.375 26.625
18.375 27.375
18.375 28.125
18.375 28.875
18.375 29.625
18.375 30.375
18.375 31.125
18.375 31.875
18.375 32.625
18.375 33.375
18.375 34.125
18.375 34.875
18.375 35.625
18.375 36.375
18.375 37.125
18.375 37.875
18.375 38.625
18.375 39.375
18.375 40.125
18.375 40.875
18.375 41.625
18.375 42.375
18.375 43.125
18.375 43.875
18.375 44.625
18.375 45.375
18.375 46.125
18.375 46.875
18.375 47.625
18.375 48.375
18.375 49.125
18.375 49.875
18.375 50.625
18.375 51.375
18.375 52.125
18.375 52.875
18.375 53.625
18.375 54.375
18.375 55.125
18.375 55.875
18.375 56.625
18.375 57.375
18.375 58.125
18.375 58.875
18.375 59.625
18.375 60.375
18.375 61.125
18.375 61.875
18.375 62.625
18.375 63.375
18.375 64.125
18.375 64.875
18.375 65.625
18.375 66.375
18.375 67.125
18.375 67.875
18.375 68.625
18.375 69.375
18.375 70.125
18.375 70.875
18.375 71.625
18.375 72.375
18.375 73.125
18.375 73.875
19.125 -.375
19.125 .375
19.125 1.125
19.125 1.875
19.125 2.625
19.125 3.375
19.125 4.125
19.125 4.875
19.125 5.625
19.125 6.375
19.125 7.125
19.125 7.875
19.125 8.625
19.125 9.375
19.125 10.125
19.125 10.875
19.125 11.625
19.125 12.375
19.125 13.125
19.125 13.875
19.125 14.625
19.125 15.375
19.125 16.125
19.125 16.875
19.125 17.625
19.125 18.375
19.125 19.125
19.125 19.875
19.125 20.625
19.125 21.375
19.125 22.125
19.125 22.875
19.125 23.625
19.125 24.375
19.125 25.125
19.125 25.875
19.125 26.625
19.125 27.375
19.125 28.125
19.125 28.875
19.125 29.625
19.125 30.375
19.125 31.125
19.125 31.875
19.125 32.625
19.125 33.375
19.125 34.125
19.125 34.875
19.125 35.625
19.125 36.375
19.125 37.125
19.125 37.875
19.125 38.625
19.125 39.375
19.125 40.125
19.125 40.875
19.125 41.625
19.125 42.375
19.125 43.125
19.125 43.875
19.125 44.625
19.125 45.375
19.125 46.125
19.125 46.875
19.125 47.625
19.125 48.375
19.125 49.125
19.125 49.875
19.125 50.625
19.125 51.375
19.125 52.125
19.125 52.875
19.125 53.625
19.125 54.375
19.125 55.125
19.125 55.875
19.125 56.625
19.125 57.375
19.125 58.125
19.125 58.875
19.125 59.625
19.125 60.375
19.125 61.125
19.125 61.875
19.125 62.625
19.125 63.375
19.125 64.125
19.125 64.875
19.125 65.625
19.125 66.375
19.125 67.125
19.125 67.875
19.125 68.625
19.125 69.375
19.125 70.125
19.125 70.875
19.125 71.625
19.125 72.375
19.125 73.125
19.125 73.875
19.875 -.375
19.875 .375
19.875 1.125
19.875 1.875
19.875 2.625
19.875 3.375
19.875 4.125
19.875 4.875
19.875 5.625
19.875 6.375
19.875 7.125
19.875 7.875
19.875 8.625
19.875 9.375
19.875 10.125
19.875 10.875
19.875 11.625
19.875 12.375
19.875 13.125
19.875 13.875
19.875 14.625
19.875 15.375
19.875 16.125
19.875 16.875
19.875 17.625
19.875 18.375
19.875 19.125
19.875 19.875
19.875 20.625
19.875 21.375
19.875 22.125
19.875 22.875
19.875 23.625
19.875 24.375
19.875 25.125
19.875 25.875
19.875 26.625
19.875 27.375
19.875 28.125
19.875 28.875
19.875 29.625
19.875 30.375
19.875 31.125
19.875 31.875
19.875 32.625
19.875 33.375
19.875 34.125
19.875 34.875
19.875 35.625
19.875 36.375
19.875 37.125
19.875 37.875
19.875 38.625
19.875 39.375
19.875 40.125
19.875 40.875
19.875 41.625
19.875 42.375
19.875 43.125
19.875 43.875
19.875 44.625
19.875 45.375
19.875 46.125
19.875 46.875
19.875 47.625
19.875 48.375
19.875 49.125
19.875 49.875
19.875 50.625
19.875 51.375
19.875 52.125
19.875 52.875
19.875 53.625
19.875 54.375
19.875 55.125
19.875 55.875
19.875 56.625
19.875 57.375
19.875 58.125
19.875 58.875
19.875 59.625
19.875 60.375
19.875 61.125
19.875 61.875
19.875 62.625
19.875 63.375
19.875 64.125
19.875 64.875
19.875 65.625
19.875 66.375
19.875 67.125
19.875 67.875
19.875 68.625
19.875 69.375
19.875 70.125
19.875 70.875
19.875 71.625
19.875 72.375
19.875 73.125
19.875 73.875
20.625 -.375
20.625 .375
20.625 1.125
20.625 1.875
20.625 2.625
20.625 3.375
20.625 4.125
20.625 4.875
20.625 5.625
20.625 6.375
20.625 7.125
20.625 7.875
20.625 8.625
20.625 9.375
20.625 10.125
20.625 10.875
20.625 11.625
20.625 12.375
20.625 13.125
20.625 13.875
20.625 14.625
20.625 15.375
20.625 16.125
20.625 16.875
20.625 17.625
20.625 18.375
20.625 19.125
20.625 19.875
20.625 20.625
20.625 21.375
20.625 22.125
20.625 22.875
20.625 23.625
20.625 24.375
20.625 25.125
20.625 25.875
20.625 26.625
20.625 27.375
20.625 28.125
20.625 28.875
20.625 29.625
20.625 30.375
20.625 31.125
20.625 31.875
20.625 32.625
20.625 33.375
20.625 34.125
20.625 34.875
20.625 35.625
20.625 36.375
20.625 37.125
20.625 37.875
20.625 38.625
20.625 39.375
20.625 40.125
20.625 40.875
20.625 41.625
20.625 42.375
20.625 43.125
20.625 43.875
20.625 44.625
20.625 45.375
20.625 46.125
20.625 46.875
20.625 47.625
20.625 48.375
20.625 49.125
20.625 49.875
20.625 50.625
20.625 51.375
20.625 52.125
20.625 52.875
20.625 53.625
20.625 54.375
20.625 55.125
20.625 55.875
20.625 56.625
20.625 57.375
20.625 58.125
20.625 58.875
20.625 59.625
20.625 60.375
20.625 61.125
20.625 61.875
20.625 62.625
20.625 63.375
20.625 64.125
20.625 64.875
20.625 65.625
20.625 66.375
20.625 67.125
20.625 67.875
20.625 68.625
20.625 69.375
20.625 70.125
20.625 70.875
20.625 71.625
20.625 72.375
20.625 73.125
20.625 73.875
21.375 -.375
21.375 .375
21.375 1.125
21.375 1.875
21.375 2.625
21.375 3.375
21.375 4.125
21.375 4.875
21.375 5.625
21.375 6.375
21.375 7.125
21.375 7.875
21.375 8.625
21.375 9.375
21.375 10.125
21.375 10.875
21.375 11.625
21.375 12.375
21.375 13.125
21.375 13.875
21.375 14.625
21.375 15.375
21.375 16.125
21.375 16.875
21.375 17.625
21.375 18.375
21.375 19.125
21.375 19.875
21.375 20.625
21.375 21.375
21.375 22.125
21.375 22.875
21.375 23.625
21.375 24.375
21.375 25.125
21.375 25.875
21.375 26.625
21.375 27.375
21.375 28.125
21.375 28.875
21.375 29.625
21.375 30.375
21.375 31.125
21.375 31.875
21.375 32.625
21.375 33.375
21.375 34.125
21.375 34.875
21.375 35.625
21.375 36.375
21.375 37.125
21.375 37.875
21.375 38.625
21.375 39.375
21.375 40.125
21.375 40.875
21.375 41.625
21.375 42.375
21.375 43.125
21.375 43.875
21.375 44.625
21.375 45.375
21.375 46.125
21.375 46.875
21.375 47.625
21.375 48.375
21.375 49.125
21.375 49.875
21.375 50.625
21.375 51.375
21.375 52.125
21.375 52.875
21.375 53.625
21.375 54.375
21.375 55.125
21.375 55.875
21.375 56.625
21.375 57.375
21.375 58.125
21.375 58.875
21.375 59.625
21.375 60.375
21.375 61.125
21.375 61.875
21.375 62.625
21.375 63.375
21.375 64.125
21.375 64.875
21.375 65.625
21.375 66.375
21.375 67.125
21.375 67.875
21.375 68.625
21.375 69.375
21.375 70.125
21.375 70.875
21.375 71.625
21.375 72.375
21.375 73.125
21.375 73.875
22.125 -.375
22.125 .375
22.125 1.125
22.125 1.875
22.125 2.625
22.125 3.375
22.125 4.125
22.125 4.875
22.125 5.625
22.125 6.375
22.125 7.125
22.125 7.875
22.125 8.625
22.125 9.375
22.125 10.125
22.125 10.875
22.125 11.625
22.125 12.375
22.125 13.125
22.125 13.875
22.125 14.625
22.125 15.375
22.125 16.125
22.125 16.875
22.125 17.625
22.125 18.375
22.125 19.125
22.125 19.875
22.125 20.625
22.125 21.375
22.125 22.125
22.125 22.875
22.125 23.625
22.125 24.375
22.125 25.125
22.125 25.875
22.125 26.625
22.125 27.375
22.125 28.125
22.125 28.875
22.125 29.625
22.125 30.375
22.125 31.125
22.125 31.875
22.125 32.625
22.125 33.375
22.125 34.125
22.125 34.875
22.125 35.625
22.125 36.375
22.125 37.125
22.125 37.875
22.125 38.625
22.125 39.375
22.125 40.125
22.125 40.875
22.125 41.625
22.125 42.375
22.125 43.125
22.125 43.875
22.125 44.625
22.125 45.375
22.125 46.125
22.125 46.875
22.125 47.625
22.125 48.375
22.125 49.125
22.125 49.875
22.125 50.625
22.125 51.375
22.125 52.125
22.125 52.875
22.125 53.625
22.125 54.375
22.125 55.125
22.125 55.875
22.125 56.625
22.125 57.375
22.125 58.125
22.125 58.875
22.125 59.625
22.125 60.375
22.125 61.125
22.125 61.875
22.125 62.625
22.125 63.375
22.125 64.125
22.125 64.875
22.125 65.625
22.125 66.375
22.125 67.125
22.125 67.875
22.125 68.625
22.125 69.375
22.125 70.125
22.125 70.875
22.125 71.625
22.125 72.375
22.125 73.125
22.125 73.875
22.875 -.375
22.875 .375
22.875 1.125
22.875 1.875
22.875 2.625
22.875 3.375
22.875 4.125
22.875 4.875
22.875 5.625
22.875 6.375
22.875 7.125
22.875 7.875
22.875 8.625
22.875 9.375
22.875 10.125
22.875 10.875
22.875 11.625
22.875 12.375
22.875 13.125
22.875 13.875
22.875 14.625
22.875 15.375
22.875 16.125
22.875 16.875
22.875 17.625
22.875 18.375
22.875 19.125
22.875 19.875
22.875 20.625
22.875 21.375
22.875 22.125
22.875 22.875
22.875 23.625
22.875 24.375
22.875 25.125
22.875 25.875
22.875 26.625
22.875 27.375
22.875 28.125
22.875 28.875
22.875 29.625
22.875 30.375
22.875 31.125
22.875 31.875
22.875 32.625
22.875 33.375
22.875 34.125
22.875 34.875
22.875 35.625
22.875 36.375
22.875 37.125
22.875 37.875
22.875 38.625
22.875 39.375
22.875 40.125
22.875 40.875
22.875 41.625
22.875 42.375
22.875 43.125
22.875 43.875
22.875 44.625
22.875 45.375
22.875 46.125
22.875 46.875
22.875 47.625
22.875 48.375
22.875 49.125
22.875 49.875
22.875 50.625
22.875 51.375
22.875 52.125
22.875 52.875
22.875 53.625
22.875 54.375
22.875 55.125
22.875 55.875
22.875 56.625
22.875 57.375
22.875 58.125
22.875 58.875
22.875 59.625
22.875 60.375
22.875 61.125
22.875 61.875
22.875 62.625
22.875 63.375
22.875 64.125
22.875 64.875
22.875 65.625
22.875 66.375
22.875 67.125
22.875 67.875
22.875 68.625
22.875 69.375
22.875 70.125
22.875 70.875
22.875 71.625
22.875 72.375
22.875 73.125
22.875 73.875
23.625 -.375
23.625 .375
23.625 1.125
23.625 1.875
23.625 2.625
23.625 3.375
23.625 4.125
23.625 4.875
23.625 5.625
23.625 6.375
23.625 7.125
23.625 7.875
23.625 8.625
23.625 9.375
23.625 10.125
23.625 10.875
23.625 11.625
23.625 12.375
23.625 13.125
23.625 13.875
23.625 14.625
23.625 15.375
23.625 16.125
23.625 16.875
23.625 17.625
23.625 18.375
23.625 19.125
23.625 19.875
23.625 20.625
23.625 21.375
23.625 22.125
23.625 22.875
23.625 23.625
23.625 24.375
23.625 25.125
23.625 25.875
23.625 26.625
23.625 27.375
23.625 28.125
23.625 28.875
23.625 29.625
23.625 30.375
23.625 31.125
23.625 31.875
23.625 32.625
23.625 33.375
23.625 34.125
23.625 34.875
23.625 35.625
23.625 36.375
23.625 37.125
23.625 37.875
23.625 38.625
23.625 39.375
23.625 40.125
23.625 40.875
23.625 41.625
23.625 42.375
23.625 43.125
23.625 43.875
23.625 44.625
23.625 45.375
23.625 46.125
23.625 46.875
23.625 47.625
23.625 48.375
23.625 49.125
23.625 49.875
23.625 50.625
23.625 51.375
23.625 52.125
23.625 52.875
23.625 53.625
23.625 54.375
23.625 55.125
23.625 55.875
23.625 56.625
23.625 57.375
23.625 58.125
23.625 58.875
23.625 59.625
23.625 60.375
23.625 61.125
23.625 61.875
23.625 62.625
23.625 63.375
23.625 64.125
23.625 64.875
23.625 65.625
23.625 66.375
23.625 67.125
23.625 67.875
23.625 68.625
23.625 69.375
23.625 70.125
23.625 70.875
23.625 71.625
23.625 72.375
23.625 73.125
23.625 73.875
24.375 -.375
24.375 .375
24.375 1.125
24.375 1.875
24.375 2.625
24.375 3.375
24.375 4.125
24.375 4.875
24.375 5.625
24.375 6.375
24.375 7.125
24.375 7.875
24.375 8.625
24.375 9.375
24.375 10.125
24.375 10.875
24.375 11.625
24.375 12.375
24.375 13.125
24.375 13.875
24.375 14.625
24.375 15.375
24.375 16.125
24.375 16.875
24.375 17.625
24.375 18.375
24.375 19.125
24.375 19.875
24.375 20.625
24.375 21.375
24.375 22.125
24.375 22.875
24.375 23.625
24.375 24.375
24.375 25.125
24.375 25.875
24.375 26.625
24.375 27.375
24.375 28.125
24.375 28.875
24.375 29.625
24.375 30.375
24.375 31.125
24.375 31.875
24.375 32.625
24.375 33.375
24.375 34.125
24.375 34.875
24.375 35.625
24.375 36.375
24.375 37.125
24.375 37.875
24.375 38.625
24.375 39.375
24.375 40.125
24.375 40.875
24.375 41.625
24.375 42.375
24.375 43.125
24.375 43.875
24.375 44.625
24.375 45.375
24.375 46.125
24.375 46.875
24.375 47.625
24.375 48.375
24.375 49.125
24.375 49.875
24.375 50.625
24.375 51.375
24.375 52.125
24.375 52.875
24.375 53.625
24.375 54.375
24.375 55.125
24.375 55.875
24.375 56.625
24.375 57.375
24.375 58.125
24.375 58.875
24.375 59.625
24.375 60.375
24.375 61.125
24.375 61.875
24.375 62.625
24.375 63.375
24.375 64.125
24.375 64.875
24.375 65.625
24.375 66.375
24.375 67.125
24.375 67.875
24.375 68.625
24.375 69.375
24.375 70.125
24.375 70.875
24.375 71.625
24.375 72.375
24.375 73.125
24.375 73.875
25.125 -.375
25.125 .375
25.125 1.125
25.125 1.875
25.125 2.625
25.125 3.375
25.125 4.125
25.125 4.875
25.125 5.625
25.125 6.375
25.125 7.125
25.125 7.875
25.125 8.625
25.125 9.375
25.125 10.125
25.125 10.875
25.125 11.625
25.125 12.375
25.125 13.125
25.125 13.875
25.125 14.625
25.125 15.375
25.125 16.125
25.125 16.875
25.125 17.625
25.125 18.375
25.125 19.125
25.125 19.875
25.125 20.625
25.125 21.375
25.125 22.125
25.125 22.875
25.125 23.625
25.125 24.375
25.125 25.125
25.125 25.875
25.125 26.625
25.125 27.375
25.125 28.125
25.125 28.875
25.125 29.625
25.125 30.375
25.125 31.125
25.125 31.875
25.125 32.625
25.125 33.375
25.125 34.125
25.125 34.875
25.125 35.625
25.125 36.375
25.125 37.125
25.125 37.875
25.125 38.625
25.125 39.375
25.125 40.125
25.125 40.875
25.125 41.625
25.125 42.375
25.125 43.125
25.125 43.875
25.125 44.625
25.125 45.375
25.125 46.125
25.125 46.875
25.125 47.625
25.125 48.375
25.125 49.125
25.125 49.875
25.125 50.625
25.125 51.375
25.125 52.125
25.125 52.875
25.125 53.625
25.125 54.375
25.125 55.125
25.125 55.875
25.125 56.625
25.125 57.375
25.125 58.125
25.125 58.875
25.125 59.625
25.125 60.375
25.125 61.125
25.125 61.875
25.125 62.625
25.125 63.375
25.125 64.125
25.125 64.875
25.125 65.625
25.125 66.375
25.125 67.125
25.125 67.875
25.125 68.625
25.125 69.375
25.125 70.125
25.125 70.875
25.125 71.625
25.125 72.375
25.125 73.125
25.125 73.875
25.875 -.375
25.875 .375
25.875 1.125
25.875 1.875
25.875 2.625
25.875 3.375
25.875 4.125
25.875 4.875
25.875 5.625
25.875 6.375
25.875 7.125
25.875 7.875
25.875 8.625
25.875 9.375
25.875 10.125
25.875 10.875
25.875 11.625
25.875 12.375
25.875 13.125
25.875 13.875
25.875 14.625
25.875 15.375
25.875 16.125
25.875 16.875
25.875 17.625
25.875 18.375
25.875 19.125
25.875 19.875
25.875 20.625
25.875 21.375
25.875 22.125
25.875 22.875
25.875 23.625
25.875 24.375
25.875 25.125
25.875 25.875
25.875 26.625
25.875 27.375
25.875 28.125
25.875 28.875
25.875 29.625
25.875 30.375
25.875 31.125
25.875 31.875
25.875 32.625
25.875 33.375
25.875 34.125
25.875 34.875
25.875 35.625
25.875 36.375
25.875 37.125
25.875 37.875
25.875 38.625
25.875 39.375
25.875 40.125
25.875 40.875
25.875 41.625
25.875 42.375
25.875 43.125
25.875 43.875
25.875 44.625
25.875 45.375
25.875 46.125
25.875 46.875
25.875 47.625
25.875 48.375
25.875 49.125
25.875 49.875
25.875 50.625
25.875 51.375
25.875 52.125
25.875 52.875
25.875 53.625
25.875 54.375
25.875 55.125
25.875 55.875
25.875 56.625
25.875 57.375
25.875 58.125
25.875 58.875
25.875 59.625
25.875 60.375
25.875 61.125
25.875 61.875
25.875 62.625
25.875 63.375
25.875 64.125
25.875 64.875
25.875 65.625
25.875 66.375
25.875 67.125
25.875 67.875
25.875 68.625
25.875 69.375
25.875 70.125
25.875 70.875
25.875 71.625
25.875 72.375
25.875 73.125
25.875 73.875
26.625 -.375
26.625 .375
26.625 1.125
26.625 1.875
26.625 2.625
26.625 3.375
26.625 4.125
26.625 4.875
26.625 5.625
26.625 6.375
26.625 7.125
26.625 7.875
26.625 8.625
26.625 9.375
26.625 10.125
26.625 10.875
26.625 11.625
26.625 12.375
26.625 13.125
26.625 13.875
26.625 14.625
26.625 15.375
26.625 16.125
26.625 16.875
26.625 17.625
26.625 18.375
26.625 19.125
26.625 19.875
26.625 20.625
26.625 21.375
26.625 22.125
26.625 22.875
26.625 23.625
26.625 24.375
26.625 25.125
26.625 25.875
26.625 26.625
26.625 27.375
26.625 28.125
26.625 28.875
26.625 29.625
26.625 30.375
26.625 31.125
26.625 31.875
26.625 32.625
26.625 33.375
26.625 34.125
26.625 34.875
26.625 35.625
26.625 36.375
26.625 37.125
26.625 37.875
26.625 38.625
26.625 39.375
26.625 40.125
26.625 40.875
26.625 41.625
26.625 42.375
26.625 43.125
26.625 43.875
26.625 44.625
26.625 45.375
26.625 46.125
26.625 46.875
26.625 47.625
26.625 48.375
26.625 49.125
26.625 49.875
26.625 50.625
26.625 51.375
26.625 52.125
26.625 52.875
26.625 53.625
26.625 54.375
26.625 55.125
26.625 55.875
26.625 56.625
26.625 57.375
26.625 58.125
26.625 58.875
26.625 59.625
26.625 60.375
26.625 61.125
26.625 61.875
26.625 62.625
26.625 63.375
26.625 64.125
26.625 64.875
26.625 65.625
26.625 66.375
26.625 67.125
26.625 67.875
26.625 68.625
26.625 69.375
26.625 70.125
26.625 70.875
26.625 71.625
26.625 72.375
26.625 73.125
26.625 73.875
27.375 -.375
27.375 .375
27.375 1.125
27.375 1.875
27.375 2.625
27.375 3.375
27.375 4.125
27.375 4.875
27.375 5.625
27.375 6.375
27.375 7.125
27.375 7.875
27.375 8.625
27.375 9.375
27.375 10.125
27.375 10.875
27.375 11.625
27.375 12.375
27.375 13.125
27.375 13.875
27.375 14.625
27.375 15.375
27.375 16.125
27.375 16.875
27.375 17.625
27.375 18.375
27.375 19.125
27.375 19.875
27.375 20.625
27.375 21.375
27.375 22.125
27.375 22.875
27.375 23.625
27.375 24.375
27.375 25.125
27.375 25.875
27.375 26.625
27.375 27.375
27.375 28.125
27.375 28.875
27.375 29.625
27.375 30.375
27.375 31.125
27.375 31.875
27.375 32.625
27.375 33.375
27.375 34.125
27.375 34.875
27.375 35.625
27.375 36.375
27.375 37.125
27.375 37.875
27.375 38.625
27.375 39.375
27.375 40.125
27.375 40.875
27.375 41.625
27.375 42.375
27.375 43.125
27.375 43.875
27.375 44.625
27.375 45.375
27.375 46.125
27.375 46.875
27.375 47.625
27.375 48.375
27.375 49.125
27.375 49.875
27.375 50.625
27.375 51.375
27.375 52.125
27.375 52.875
27.375 53.625
27.375 54.375
27.375 55.125
27.375 55.875
27.375 56.625
27.375 57.375
27.375 58.125
27.375 58.875
27.375 59.625
27.375 60.375
27.375 61.125
27.375 61.875
27.375 62.625
27.375 63.375
27.375 64.125
27.375 64.875
27.375 65.625
27.375 66.375
27.375 67.125
27.375 67.875
27.375 68.625
27.375 69.375
27.375 70.125
27.375 70.875
27.375 71.625
27.375 72.375
27.375 73.125
27.375 73.875
28.125 -.375
28.125 .375
28.125 1.125
28.125 1.875
28.125 2.625
28.125 3.375
28.125 4.125
28.125 4.875
28.125 5.625
28.125 6.375
28.125 7.125
28.125 7.875
28.125 8.625
28.125 9.375
28.125 10.125
28.125 10.875
28.125 11.625
28.125 12.375
28.125 13.125
28.125 13.875
28.125 14.625
28.125 15.375
28.125 16.125
28.125 16.875
28.125 17.625
28.125 18.375
28.125 19.125
28.125 19.875
28.125 20.625
28.125 21.375
28.125 22.125
28.125 22.875
28.125 23.625
28.125 24.375
28.125 25.125
28.125 25.875
28.125 26.625
28.125 27.375
28.125 28.125
28.125 28.875
28.125 29.625
28.125 30.375
28.125 31.125
28.125 31.875
28.125 32.625
28.125 33.375
28.125 34.125
28.125 34.875
28.125 35.625
28.125 36.375
28.125 37.125
28.125 37.875
28.125 38.625
28.125 39.375
28.125 40.125
28.125 40.875
28.125 41.625
28.125 42.375
28.125 43.125
28.125 43.875
28.125 44.625
28.125 45.375
28.125 46.125
28.125 46.875
28.125 47.625
28.125 48.375
28.125 49.125
28.125 49.875
28.125 50.625
28.125 51.375
28.125 52.125
28.125 52.875
28.125 53.625
28.125 54.375
28.125 55.125
28.125 55.875
28.125 56.625
28.125 57.375
28.125 58.125
28.125 58.875
28.125 59.625
28.125 60.375
28.125 61.125
28.125 61.875
28.125 62.625
28.125 63.375
28.125 64.125
28.125 64.875
28.125 65.625
28.125 66.375
28.125 67.125
28.125 67.875
28.125 68.625
28.125 69.375
28.125 70.125
28.125 70.875
28.125 71.625
28.125 72.375
28.125 73.125
28.125 73.875
28.875 -.375
28.875 .375
28.875 1.125
28.875 1.875
28.875 2.625
28.875 3.375
28.875 4.125
28.875 4.875
28.875 5.625
28.875 6.375
28.875 7.125
28.875 7.875
28.875 8.625
28.875 9.375
28.875 10.125
28.875 10.875
28.875 11.625
28.875 12.375
28.875 13.125
28.875 13.875
28.875 14.625
28.875 15.375
28.875 16.125
28.875 16.875
28.875 17.625
28.875 18.375
28.875 19.125
28.875 19.875
28.875 20.625
28.875 21.375
28.875 22.125
28.875 22.875
28.875 23.625
28.875 24.375
28.875 25.125
28.875 25.875
28.875 26.625
28.875 27.375
28.875 28.125
28.875 28.875
28.875 29.625
28.875 30.375
28.875 31.125
28.875 31.875
28.875 32.625
28.875 33.375
28.875 34.125
28.875 34.875
28.875 35.625
28.875 36.375
28.875 37.125
28.875 37.875
28.875 38.625
28.875 39.375
28.875 40.125
28.875 40.875
28.875 41.625
28.875 42.375
28.875 43.125
28.875 43.875
28.875 44.625
28.875 45.375
28.875 46.125
28.875 46.875
28.875 47.625
28.875 48.375
28.875 49.125
28.875 49.875
28.875 50.625
28.875 51.375
28.875 52.125
28.875 52.875
28.875 53.625
28.875 54.375
28.875 55.125
28.875 55.875
28.875 56.625
28.875 57.375
28.875 58.125
28.875 58.875
28.875 59.625
28.875 60.375
28.875 61.125
28.875 61.875
28.875 62.625
28.875 63.375
28.875 64.125
28.875 64.875
28.875 65.625
28.875 66.375
28.875 67.125
28.875 67.875
28.875 68.625
28.875 69.375
28.875 70.125
28.875 70.875
28.875 71.625
28.875 72.375
28.875 73.125
28.875 73.875
29.625 -.375
29.625 .375
29.625 1.125
29.625 1.875
29.625 2.625
29.625 3.375
29.625 4.125
29.625 4.875
29.625 5.625
29.625 6.375
29.625 7.125
29.625 7.875
29.625 8.625
29.625 9.375
29.625 10.125
29.625 10.875
29.625 11.625
29.625 12.375
29.625 13.125
29.625 13.875
29.625 14.625
29.625 15.375
29.625 16.125
29.625 16.875
29.625 17.625
29.625 18.375
29.625 19.125
29.625 19.875
29.625 20.625
29.625 21.375
29.625 22.125
29.625 22.875
29.625 23.625
29.625 24.375
29.625 25.125
29.625 25.875
29.625 26.625
29.625 27.375
29.625 28.125
29.625 28.875
29.625 29.625
29.625 30.375
29.625 31.125
29.625 31.875
29.625 32.625
29.625 33.375
29.625 34.125
29.625 34.875
29.625 35.625
29.625 36.375
29.625 37.125
29.625 37.875
29.625 38.625
29.625 39.375
29.625 40.125
29.625 40.875
29.625 41.625
29.625 42.375
29.625 43.125
29.625 43.875
29.625 44.625
29.625 45.375
29.625 46.125
29.625 46.875
29.625 47.625
29.625 48.375
29.625 49.125
29.625 49.875
29.625 50.625
29.625 51.375
29.625 52.125
29.625 52.875
29.625 53.625
29.625 54.375
29.625 55.125
29.625 55.875
29.625 56.625
29.625 57.375
29.625 58.125
29.625 58.875
29.625 59.625
29.625 60.375
29.625 61.125
29.625 61.875
29.625 62.625
29.625 63.375
29.625 64.125
29.625 64.875
29.625 65.625
29.625 66.375
29.625 67.125
29.625 67.875
29.625 68.625
29.625 69.375
29.625 70.125
29.625 70.875
29.625 71.625
29.625 72.375
29.625 73.125
29.625 73.875
30.375 -.375
30.375 .375
30.375 1.125
30.375 1.875
30.375 2.625
30.375 3.375
30.375 4.125
30.375 4.875
30.375 5.625
30.375 6.375
30.375 7.125
30.375 7.875
30.375 8.625
30.375 9.375
30.375 10.125
30.375 10.875
30.375 11.625
30.375 12.375
30.375 13.125
30.375 13.875
30.375 14.625
30.375 15.375
30.375 16.125
30.375 16.875
30.375 17.625
30.375 18.375
30.375 19.125
30.375 19.875
30.375 20.625
30.375 21.375
30.375 22.125
30.375 22.875
30.375 23.625
30.375 24.375
30.375 25.125
30.375 25.875
30.375 26.625
30.375 27.375
30.375 28.125
30.375 28.875
30.375 29.625
30.375 30.375
30.375 31.125
30.375 31.875
30.375 32.625
30.375 33.375
30.375 34.125
30.375 34.875
30.375 35.625
30.375 36.375
30.375 37.125
30.375 37.875
30.375 38.625
30.375 39.375
30.375 40.125
30.375 40.875
30.375 41.625
30.375 42.375
30.375 43.125
30.375 43.875
30.375 44.625
30.375 45.375
30.375 46.125
30.375 46.875
30.375 47.625
30.375 48.375
30.375 49.125
30.375 49.875
30.375 50.625
30.375 51.375
30.375 52.125
30.375 52.875
30.375 53.625
30.375 54.375
30.375 55.125
30.375 55.875
30.375 56.625
30.375 57.375
30.375 58.125
30.375 58.875
30.375 59.625
30.375 60.375
30.375 61.125
30.375 61.875
30.375 62.625
30.375 63.375
30.375 64.125
30.375 64.875
30.375 65.625
30.375 66.375
30.375 67.125
30.375 67.875
30.375 68.625
30.375 69.375
30.375 70.125
30.375 70.875
30.375 71.625
30.375 72.375
30.375 73.125
30.375 73.875
31.125 -.375
31.125 .375
31.125 1.125
31.125 1.875
31.125 2.625
31.125 3.375
31.125 4.125
31.125 4.875
31.125 5.625
31.125 6.375
31.125 7.125
31.125 7.875
31.125 8.625
31.125 9.375
31.125 10.125
31.125 10.875
31.125 11.625
31.125 12.375
31.125 13.125
31.125 13.875
31.125 14.625
31.125 15.375
31.125 16.125
31.125 16.875
31.125 17.625
31.125 18.375
31.125 19.125
31.125 19.875
31.125 20.625
31.125 21.375
31.125 22.125
31.125 22.875
31.125 23.625
31.125 24.375
31.125 25.125
31.125 25.875
31.125 26.625
31.125 27.375
31.125 28.125
31.125 28.875
31.125 29.625
31.125 30.375
31.125 31.125
31.125 31.875
31.125 32.625
31.125 33.375
31.125 34.125
31.125 34.875
31.125 35.625
31.125 36.375
31.125 37.125
31.125 37.875
31.125 38.625
31.125 39.375
31.125 40.125
31.125 40.875
31.125 41.625
31.125 42.375
31.125 43.125
31.125 43.875
31.125 44.625
31.125 45.375
31.125 46.125
31.125 46.875
31.125 47.625
31.125 48.375
31.125 49.125
31.125 49.875
31.125 50.625
31.125 51.375
31.125 52.125
31.125 52.875
31.125 53.625
31.125 54.375
31.125 55.125
31.125 55.875
31.125 56.625
31.125 57.375
31.125 58.125
31.125 58.875
31.125 59.625
31.125 60.375
31.125 61.125
31.125 61.875
31.125 62.625
31.125 63.375
31.125 64.125
31.125 64.875
31.125 65.625
31.125 66.375
31.125 67.125
31.125 67.875
31.125 68.625
31.125 69.375
31.125 70.125
31.125 70.875
31.125 71.625
31.125 72.375
31.125 73.125
31.125 73.875
31.875 -.375
31.875 .375
31.875 1.125
31.875 1.875
31.875 2.625
31.875 3.375
31.875 4.125
31.875 4.875
31.875 5.625
31.875 6.375
31.875 7.125
31.875 7.875
31.875 8.625
31.875 9.375
31.875 10.125
31.875 10.875
31.875 11.625
31.875 12.375
31.875 13.125
31.875 13.875
31.875 14.625
31.875 15.375
31.875 16.125
31.875 16.875
31.875 17.625
31.875 18.375
31.875 19.125
31.875 19.875
31.875 20.625
31.875 21.375
31.875 22.125
31.875 22.875
31.875 23.625
31.875 24.375
31.875 25.125
31.875 25.875
31.875 26.625
31.875 27.375
31.875 28.125
31.875 28.875
31.875 29.625
31.875 30.375
31.875 31.125
31.875 31.875
31.875 32.625
31.875 33.375
31.875 34.125
31.875 34.875
31.875 35.625
31.875 36.375
31.875 37.125
31.875 37.875
31.875 38.625
31.875 39.375
31.875 40.125
31.875 40.875
31.875 41.625
31.875 42.375
31.875 43.125
31.875 43.875
31.875 44.625
31.875 45.375
31.875 46.125
31.875 46.875
31.875 47.625
31.875 48.375
31.875 49.125
31.875 49.875
31.875 50.625
31.875 51.375
31.875 52.125
31.875 52.875
31.875 53.625
31.875 54.375
31.875 55.125
31.875 55.875
31.875 56.625
31.875 57.375
31.875 58.125
31.875 58.875
31.875 59.625
31.875 60.375
31.875 61.125
31.875 61.875
31.875 62.625
31.875 63.375
31.875 64.125
31.875 64.875
31.875 65.625
31.875 66.375
31.875 67.125
31.875 67.875
31.875 68.625
31.875 69.375
31.875 70.125
31.875 70.875
31.875 71.625
31.875 72.375
31.875 73.125
31.875 73.875
32.625 -.375
32.625 .375
32.625 1.125
32.625 1.875
32.625 2.625
32.625 3.375
32.625 4.125
32.625 4.875
32.625 5.625
32.625 6.375
32.625 7.125
32.625 7.875
32.625 8.625
32.625 9.375
32.625 10.125
32.625 10.875
32.625 11.625
32.625 12.375
32.625 13.125
32.625 13.875
32.625 14.625
32.625 15.375
32.625 16.125
32.625 16.875
32.625 17.625
32.625 18.375
32.625 19.125
32.625 19.875
32.625 20.625
32.625 21.375
32.625 22.125
32.625 22.875
32.625 23.625
32.625 24.375
32.625 25.125
32.625 25.875
32.625 26.625
32.625 27.375
32.625 28.125
32.625 28.875
32.625 29.625
32.625 30.375
32.625 31.125
32.625 31.875
32.625 32.625
32.625 33.375
32.625 34.125
32.625 34.875
32.625 35.625
32.625 36.375
32.625 37.125
32.625 37.875
32.625 38.625
32.625 39.375
32.625 40.125
32.625 40.875
32.625 41.625
32.625 42.375
32.625 43.125
32.625 43.875
32.625 44.625
32.625 45.375
32.625 46.125
32.625 46.875
32.625 47.625
32.625 48.375
32.625 49.125
32.625 49.875
32.625 50.625
32.625 51.375
32.625 52.125
32.625 52.875
32.625 53.625
32.625 54.375
32.625 55.125
32.625 55.875
32.625 56.625
32.625 57.375
32.625 58.125
32.625 58.875
32.625 59.625
32.625 60.375
32.625 61.125
32.625 61.875
32.625 62.625
32.625 63.375
32.625 64.125
32.625 64.875
32.625 65.625
32.625 66.375
32.625 67.125
32.625 67.875
32.625 68.625
32.625 69.375
32.625 70.125
32.625 70.875
32.625 71.625
32.625 72.375
32.625 73.125
32.625 73.875
33.375 -.375
33.375 .375
33.375 1.125
33.375 1.875
33.375 2.625
33.375 3.375
33.375 4.125
33.375 4.875
33.375 5.625
33.375 6.375
33.375 7.125
33.375 7.875
33.375 8.625
33.375 9.375
33.375 10.125
33.375 10.875
33.375 11.625
33.375 12.375
33.375 13.125
33.375 13.875
33.375 14.625
33.375 15.375
33.375 16.125
33.375 16.875
33.375 17.625
33.375 18.375
33.375 19.125
33.375 19.875
33.375 20.625
33.375 21.375
33.375 22.125
33.375 22.875
33.375 23.625
33.375 24.375
33.375 25.125
33.375 25.875
33.375 26.625
33.375 27.375
33.375 28.125
33.375 28.875
33.375 29.625
33.375 30.375
33.375 31.125
33.375 31.875
33.375 32.625
33.375 33.375
33.375 34.125
33.375 34.875
33.375 35.625
33.375 36.375
33.375 37.125
33.375 37.875
33.375 38.625
33.375 39.375
33.375 40.125
33.375 40.875
33.375 41.625
33.375 42.375
33.375 43.125
33.375 43.875
33.375 44.625
33.375 45.375
33.375 46.125
33.375 46.875
33.375 47.625
33.375 48.375
33.375 49.125
33.375 49.875
33.375 50.625
33.375 51.375
33.375 52.125
33.375 52.875
33.375 53.625
33.375 54.375
33.375 55.125
33.375 55.875
33.375 56.625
33.375 57.375
33.375 58.125
33.375 58.875
33.375 59.625
33.375 60.375
33.375 61.125
33.375 61.875
33.375 62.625
33.375 63.375
33.375 64.125
33.375 64.875
33.375 65.625
33.375 66.375
33.375 67.125
33.375 67.875
33.375 68.625
33.375 69.375
33.375 70.125
33.375 70.875
33.375 71.625
33.375 72.375
33.375 73.125
33.375 73.875
34.125 -.375
34.125 .375
34.125 1.125
34.125 1.875
34.125 2.625
34.125 3.375
34.125 4.125
34.125 4.875
34.125 5.625
34.125 6.375
34.125 7.125
34.125 7.875
34.125 8.625
34.125 9.375
34.125 10.125
34.125 10.875
34.125 11.625
34.125 12.375
34.125 13.125
34.125 13.875
34.125 14.625
34.125 15.375
34.125 16.125
34.125 16.875
34.125 17.625
34.125 18.375
34.125 19.125
34.125 19.875
34.125 20.625
34.125 21.375
34.125 22.125
34.125 22.875
34.125 23.625
34.125 24.375
34.125 25.125
34.125 25.875
34.125 26.625
34.125 27.375
34.125 28.125
34.125 28.875
34.125 29.625
34.125 30.375
34.125 31.125
34.125 31.875
34.125 32.625
34.125 33.375
34.125 34.125
34.125 34.875
34.125 35.625
34.125 36.375
34.125 37.125
34.125 37.875
34.125 38.625
34.125 39.375
34.125 40.125
34.125 40.875
34.125 41.625
34.125 42.375
34.125 43.125
34.125 43.875
34.125 44.625
34.125 45.375
34.125 46.125
34.125 46.875
34.125 47.625
34.125 48.375
34.125 49.125
34.125 49.875
34.125 50.625
34.125 51.375
34.125 52.125
34.125 52.875
34.125 53.625
34.125 54.375
34.125 55.125
34.125 55.875
34.125 56.625
34.125 57.375
34.125 58.125
34.125 58.875
34.125 59.625
34.125 60.375
34.125 61.125
34.125 61.875
34.125 62.625
34.125 63.375
34.125 64.125
34.125 64.875
34.125 65.625
34.125 66.375
34.125 67.125
34.125 67.875
34.125 68.625
34.125 69.375
34.125 70.125
34.125 70.875
34.125 71.625
34.125 72.375
34.125 73.125
34.125 73.875
34.875 -.375
34.875 .375
34.875 1.125
34.875 1.875
34.875 2.625
34.875 3.375
34.875 4.125
34.875 4.875
34.875 5.625
34.875 6.375
34.875 7.125
34.875 7.875
34.875 8.625
34.875 9.375
34.875 10.125
34.875 10.875
34.875 11.625
34.875 12.375
34.875 13.125
34.875 13.875
34.875 14.625
34.875 15.375
34.875 16.125
34.875 16.875
34.875 17.625
34.875 18.375
34.875 19.125
34.875 19.875
34.875 20.625
34.875 21.375
34.875 22.125
34.875 22.875
34.875 23.625
34.875 24.375
34.875 25.125
34.875 25.875
34.875 26.625
34.875 27.375
34.875 28.125
34.875 28.875
34.875 29.625
34.875 30.375
34.875 31.125
34.875 31.875
34.875 32.625
34.875 33.375
34.875 34.125
34.875 34.875
34.875 35.625
34.875 36.375
34.875 37.125
34.875 37.875
34.875 38.625
34.875 39.375
34.875 40.125
34.875 40.875
34.875 41.625
34.875 42.375
34.875 43.125
34.875 43.875
34.875 44.625
34.875 45.375
34.875 46.125
34.875 46.875
34.875 47.625
34.875 48.375
34.875 49.125
34.875 49.875
34.875 50.625
34.875 51.375
34.875 52.125
34.875 52.875
34.875 53.625
34.875 54.375
34.875 55.125
34.875 55.875
34.875 56.625
34.875 57.375
34.875 58.125
34.875 58.875
34.875 59.625
34.875 60.375
34.875 61.125
34.875 61.875
34.875 62.625
34.875 63.375
34.875 64.125
34.875 64.875
34.875 65.625
34.875 66.375
34.875 67.125
34.875 67.875
34.875 68.625
34.875 69.375
34.875 70.125
34.875 70.875
34.875 71.625
34.875 72.375
34.875 73.125
34.875 73.875
35.625 -.375
35.625 .375
35.625 1.125
35.625 1.875
35.625 2.625
35.625 3.375
35.625 4.125
35.625 4.875
35.625 5.625
35.625 6.375
35.625 7.125
35.625 7.875
35.625 8.625
35.625 9.375
35.625 10.125
35.625 10.875
35.625 11.625
35.625 12.375
35.625 13.125
35.625 13.875
35.625 14.625
35.625 15.375
35.625 16.125
35.625 16.875
35.625 17.625
35.625 18.375
35.625 19.125
35.625 19.875
35.625 20.625
35.625 21.375
35.625 22.125
35.625 22.875
35.625 23.625
35.625 24.375
35.625 25.125
35.625 25.875
35.625 26.625
35.625 27.375
35.625 28.125
35.625 28.875
35.625 29.625
35.625 30.375
35.625 31.125
35.625 31.875
35.625 32.625
35.625 33.375
35.625 34.125
35.625 34.875
35.625 35.625
35.625 36.375
35.625 37.125
35.625 37.875
35.625 38.625
35.625 39.375
35.625 40.125
35.625 40.875
35.625 41.625
35.625 42.375
35.625 43.125
35.625 43.875
35.625 44.625
35.625 45.375
35.625 46.125
35.625 46.875
35.625 47.625
35.625 48.375
35.625 49.125
35.625 49.875
35.625 50.625
35.625 51.375
35.625 52.125
35.625 52.875
35.625 53.625
35.625 54.375
35.625 55.125
35.625 55.875
35.625 56.625
35.625 57.375
35.625 58.125
35.625 58.875
35.625 59.625
35.625 60.375
35.625 61.125
35.625 61.875
35.625 62.625
35.625 63.375
35.625 64.125
35.625 64.875
35.625 65.625
35.625 66.375
35.625 67.125
35.625 67.875
35.625 68.625
35.625 69.375
35.625 70.125
35.625 70.875
35.625 71.625
35.625 72.375
35.625 73.125
35.625 73.875
36.375 -.375
36.375 .375
36.375 1.125
36.375 1.875
36.375 2.625
36.375 3.375
36.375 4.125
36.375 4.875
36.375 5.625
36.375 6.375
36.375 7.125
36.375 7.875
36.375 8.625
36.375 9.375
36.375 10.125
36.375 10.875
36.375 11.625
36.375 12.375
36.375 13.125
36.375 13.875
36.375 14.625
36.375 15.375
36.375 16.125
36.375 16.875
36.375 17.625
36.375 18.375
36.375 19.125
36.375 19.875
36.375 20.625
36.375 21.375
36.375 22.125
36.375 22.875
36.375 23.625
36.375 24.375
36.375 25.125
36.375 25.875
36.375 26.625
36.375 27.375
36.375 28.125
36.375 28.875
36.375 29.625
36.375 30.375
36.375 31.125
36.375 31.875
36.375 32.625
36.375 33.375
36.375 34.125
36.375 34.875
36.375 35.625
36.375 36.375
36.375 37.125
36.375 37.875
36.375 38.625
36.375 39.375
36.375 40.125
36.375 40.875
36.375 41.625
36.375 42.375
36.375 43.125
36.375 43.875
36.375 44.625
36.375 45.375
36.375 46.125
36.375 46.875
36.375 47.625
36.375 48.375
36.375 49.125
36.375 49.875
36.375 50.625
36.375 51.375
36.375 52.125
36.375 52.875
36.375 53.625
36.375 54.375
36.375 55.125
36.375 55.875
36.375 56.625
36.375 57.375
36.375 58.125
36.375 58.875
36.375 59.625
36.375 60.375
36.375 61.125
36.375 61.875
36.375 62.625
36.375 63.375
36.375 64.125
36.375 64.875
36.375 65.625
36.375 66.375
36.375 67.125
36.375 67.875
36.375 68.625
36.375 69.375
36.375 70.125
36.375 70.875
36.375 71.625
36.375 72.375
36.375 73.125
36.375 73.875
37.125 -.375
37.125 .375
37.125 1.125
37.125 1.875
37.125 2.625
37.125 3.375
37.125 4.125
37.125 4.875
37.125 5.625
37.125 6.375
37.125 7.125
37.125 7.875
37.125 8.625
37.125 9.375
37.125 10.125
37.125 10.875
37.125 11.625
37.125 12.375
37.125 13.125
37.125 13.875
37.125 14.625
37.125 15.375
37.125 16.125
37.125 16.875
37.125 17.625
37.125 18.375
37.125 19.125
37.125 19.875
37.125 20.625
37.125 21.375
37.125 22.125
37.125 22.875
37.125 23.625
37.125 24.375
37.125 25.125
37.125 25.875
37.125 26.625
37.125 27.375
37.125 28.125
37.125 28.875
37.125 29.625
37.125 30.375
37.125 31.125
37.125 31.875
37.125 32.625
37.125 33.375
37.125 34.125
37.125 34.875
37.125 35.625
37.125 36.375
37.125 37.125
37.125 37.875
37.125 38.625
37.125 39.375
37.125 40.125
37.125 40.875
37.125 41.625
37.125 42.375
37.125 43.125
37.125 43.875
37.125 44.625
37.125 45.375
37.125 46.125
37.125 46.875
37.125 47.625
37.125 48.375
37.125 49.125
37.125 49.875
37.125 50.625
37.125 51.375
37.125 52.125
37.125 52.875
37.125 53.625
37.125 54.375
37.125 55.125
37.125 55.875
37.125 56.625
37.125 57.375
37.125 58.125
37.125 58.875
37.125 59.625
37.125 60.375
37.125 61.125
37.125 61.875
37.125 62.625
37.125 63.375
37.125 64.125
37.125 64.875
37.125 65.625
37.125 66.375
37.125 67.125
37.125 67.875
37.125 68.625
37.125 69.375
37.125 70.125
37.125 70.875
37.125 71.625
37.125 72.375
37.125 73.125
37.125 73.875
37.875 -.375
37.875 .375
37.875 1.125
37.875 1.875
37.875 2.625
37.875 3.375
37.875 4.125
37.875 4.875
37.875 5.625
37.875 6.375
37.875 7.125
37.875 7.875
37.875 8.625
37.875 9.375
37.875 10.125
37.875 10.875
37.875 11.625
37.875 12.375
37.875 13.125
37.875 13.875
37.875 14.625
37.875 15.375
37.875 16.125
37.875 16.875
37.875 17.625
37.875 18.375
37.875 19.125
37.875 19.875
37.875 20.625
37.875 21.375
37.875 22.125
37.875 22.875
37.875 23.625
37.875 24.375
37.875 25.125
37.875 25.875
37.875 26.625
37.875 27.375
37.875 28.125
37.875 28.875
37.875 29.625
37.875 30.375
37.875 31.125
37.875 31.875
37.875 32.625
37.875 33.375
37.875 34.125
37.875 34.875
37.875 35.625
37.875 36.375
37.875 37.125
37.875 37.875
37.875 38.625
37.875 39.375
37.875 40.125
37.875 40.875
37.875 41.625
37.875 42.375
37.875 43.125
37.875 43.875
37.875 44.625
37.875 45.375
37.875 46.125
37.875 46.875
37.875 47.625
37.875 48.375
37.875 49.125
37.875 49.875
37.875 50.625
37.875 51.375
37.875 52.125
37.875 52.875
37.875 53.625
37.875 54.375
37.875 55.125
37.875 55.875
37.875 56.625
37.875 57.375
37.875 58.125
37.875 58.875
37.875 59.625
37.875 60.375
37.875 61.125
37.875 61.875
37.875 62.625
37.875 63.375
37.875 64.125
37.875 64.875
37.875 65.625
37.875 66.375
37.875 67.125
37.875 67.875
37.875 68.625
37.875 69.375
37.875 70.125
37.875 70.875
37.875 71.625
37.875 72.375
37.875 73.125
37.875 73.875
38.625 -.375
38.625 .375
38.625 1.125
38.625 1.875
38.625 2.625
38.625 3.375
38.625 4.125
38.625 4.875
38.625 5.625
38.625 6.375
38.625 7.125
38.625 7.875
38.625 8.625
38.625 9.375
38.625 10.125
38.625 10.875
38.625 11.625
38.625 12.375
38.625 13.125
38.625 13.875
38.625 14.625
38.625 15.375
38.625 16.125
38.625 16.875
38.625 17.625
38.625 18.375
38.625 19.125
38.625 19.875
38.625 20.625
38.625 21.375
38.625 22.125
38.625 22.875
38.625 23.625
38.625 24.375
38.625 25.125
38.625 25.875
38.625 26.625
38.625 27.375
38.625 28.125
38.625 28.875
38.625 29.625
38.625 30.375
38.625 31.125
38.625 31.875
38.625 32.625
38.625 33.375
38.625 34.125
38.625 34.875
38.625 35.625
38.625 36.375
38.625 37.125
38.625 37.875
38.625 38.625
38.625 39.375
38.625 40.125
38.625 40.875
38.625 41.625
38.625 42.375
38.625 43.125
38.625 43.875
38.625 44.625
38.625 45.375
38.625 46.125
38.625 46.875
38.625 47.625
38.625 48.375
38.625 49.125
38.625 49.875
38.625 50.625
38.625 51.375
38.625 52.125
38.625 52.875
38.625 53.625
38.625 54.375
38.625 55.125
38.625 55.875
38.625 56.625
38.625 57.375
38.625 58.125
38.625 58.875
38.625 59.625
38.625 60.375
38.625 61.125
38.625 61.875
38.625 62.625
38.625 63.375
38.625 64.125
38.625 64.875
38.625 65.625
38.625 66.375
38.625 67.125
38.625 67.875
38.625 68.625
38.625 69.375
38.625 70.125
38.625 70.875
38.625 71.625
38.625 72.375
38.625 73.125
38.625 73.875
39.375 -.375
39.375 .375
39.375 1.125
39.375 1.875
39.375 2.625
39.375 3.375
39.375 4.125
39.375 4.875
39.375 5.625
39.375 6.375
39.375 7.125
39.375 7.875
39.375 8.625
39.375 9.375
39.375 10.125
39.375 10.875
39.375 11.625
39.375 12.375
39.375 13.125
39.375 13.875
39.375 14.625
39.375 15.375
39.375 16.125
39.375 16.875
39.375 17.625
39.375 18.375
39.375 19.125
39.375 19.875
39.375 20.625
39.375 21.375
39.375 22.125
39.375 22.875
39.375 23.625
39.375 24.375
39.375 25.125
39.375 25.875
39.375 26.625
39.375 27.375
39.375 28.125
39.375 28.875
39.375 29.625
39.375 30.375
39.375 31.125
39.375 31.875
39.375 32.625
39.375 33.375
39.375 34.125
39.375 34.875
39.375 35.625
39.375 36.375
39.375 37.125
39.375 37.875
39.375 38.625
39.375 39.375
39.375 40.125
39.375 40.875
39.375 41.625
39.375 42.375
39.375 43.125
39.375 43.875
39.375 44.625
39.375 45.375
39.375 46.125
39.375 46.875
39.375 47.625
39.375 48.375
39.375 49.125
39.375 49.875
39.375 50.625
39.375 51.375
39.375 52.125
39.375 52.875
39.375 53.625
39.375 54.375
39.375 55.125
39.375 55.875
39.375 56.625
39.375 57.375
39.375 58.125
39.375 58.875
39.375 59.625
39.375 60.375
39.375 61.125
39.375 61.875
39.375 62.625
39.375 63.375
39.375 64.125
39.375 64.875
39.375 65.625
39.375 66.375
39.375 67.125
39.375 67.875
39.375 68.625
39.375 69.375
39.375 70.125
39.375 70.875
39.375 71.625
39.375 72.375
39.375 73.125
39.375 73.875
40.125 -.375
40.125 .375
40.125 1.125
40.125 1.875
40.125 2.625
40.125 3.375
40.125 4.125
40.125 4.875
40.125 5.625
40.125 6.375
40.125 7.125
40.125 7.875
40.125 8.625
40.125 9.375
40.125 10.125
40.125 10.875
40.125 11.625
40.125 12.375
40.125 13.125
40.125 13.875
40.125 14.625
40.125 15.375
40.125 16.125
40.125 16.875
40.125 17.625
40.125 18.375
40.125 19.125
40.125 19.875
40.125 20.625
40.125 21.375
40.125 22.125
40.125 22.875
40.125 23.625
40.125 24.375
40.125 25.125
40.125 25.875
40.125 26.625
40.125 27.375
40.125 28.125
40.125 28.875
40.125 29.625
40.125 30.375
40.125 31.125
40.125 31.875
40.125 32.625
40.125 33.375
40.125 34.125
40.125 34.875
40.125 35.625
40.125 36.375
40.125 37.125
40.125 37.875
40.125 38.625
40.125 39.375
40.125 40.125
40.125 40.875
40.125 41.625
40.125 42.375
40.125 43.125
40.125 43.875
40.125 44.625
40.125 45.375
40.125 46.125
40.125 46.875
40.125 47.625
40.125 48.375
40.125 49.125
40.125 49.875
40.125 50.625
40.125 51.375
40.125 52.125
40.125 52.875
40.125 53.625
40.125 54.375
40.125 55.125
40.125 55.875
40.125 56.625
40.125 57.375
40.125 58.125
40.125 58.875
40.125 59.625
40.125 60.375
40.125 61.125
40.125 61.875
40.125 62.625
40.125 63.375
40.125 64.125
40.125 64.875
40.125 65.625
40.125 66.375
40.125 67.125
40.125 67.875
40.125 68.625
40.125 69.375
40.125 70.125
40.125 70.875
40.125 71.625
40.125 72.375
40.125 73.125
40.125 73.875
40.875 -.375
40.875 .375
40.875 1.125
40.875 1.875
40.875 2.625
40.875 3.375
40.875 4.125
40.875 4.875
40.875 5.625
40.875 6.375
40.875 7.125
40.875 7.875
40.875 8.625
40.875 9.375
40.875 10.125
40.875 10.875
40.875 11.625
40.875 12.375
40.875 13.125
40.875 13.875
40.875 14.625
40.875 15.375
40.875 16.125
40.875 16.875
40.875 17.625
40.875 18.375
40.875 19.125
40.875 19.875
40.875 20.625
40.875 21.375
40.875 22.125
40.875 22.875
40.875 23.625
40.875 24.375
40.875 25.125
40.875 25.875
40.875 26.625
40.875 27.375
40.875 28.125
40.875 28.875
40.875 29.625
40.875 30.375
40.875 31.125
40.875 31.875
40.875 32.625
40.875 33.375
40.875 34.125
40.875 34.875
40.875 35.625
40.875 36.375
40.875 37.125
40.875 37.875
40.875 38.625
40.875 39.375
40.875 40.125
40.875 40.875
40.875 41.625
40.875 42.375
40.875 43.125
40.875 43.875
40.875 44.625
40.875 45.375
40.875 46.125
40.875 46.875
40.875 47.625
40.875 48.375
40.875 49.125
40.875 49.875
40.875 50.625
40.875 51.375
40.875 52.125
40.875 52.875
40.875 53.625
40.875 54.375
40.875 55.125
40.875 55.875
40.875 56.625
40.875 57.375
40.875 58.125
40.875 58.875
40.875 59.625
40.875 60.375
40.875 61.125
40.875 61.875
40.875 62.625
40.875 63.375
40.875 64.125
40.875 64.875
40.875 65.625
40.875 66.375
40.875 67.125
40.875 67.875
40.875 68.625
40.875 69.375
40.875 70.125
40.875 70.875
40.875 71.625
40.875 72.375
40.875 73.125
40.875 73.875
